
Medición hecha el 2026-08-21  10:50 p.m.

Medición de corriente y tensión en el tiempo con posibilidad de inyectar corriente.
Tiempo	Corriente	Tensión
3.003625E+3	1.124270E-7	1.306800E+4	0.000000E+0	0.000000E+0
3.007622E+3	1.124530E-7	1.306750E+4	0.000000E+0	0.000000E+0
3.011621E+3	1.124350E-7	1.306710E+4	0.000000E+0	0.000000E+0
3.015618E+3	1.125010E-7	1.306670E+4	0.000000E+0	0.000000E+0
3.019624E+3	1.125220E-7	1.306680E+4	0.000000E+0	0.000000E+0
3.023618E+3	1.125420E-7	1.306790E+4	0.000000E+0	0.000000E+0
3.027628E+3	1.124770E-7	1.306890E+4	0.000000E+0	0.000000E+0
3.031619E+3	1.124930E-7	1.306890E+4	0.000000E+0	0.000000E+0
3.035622E+3	1.124650E-7	1.306870E+4	0.000000E+0	0.000000E+0
3.039623E+3	1.124460E-7	1.306840E+4	0.000000E+0	0.000000E+0
3.043623E+3	1.124300E-7	1.306800E+4	0.000000E+0	0.000000E+0
3.047619E+3	1.125400E-7	1.306770E+4	0.000000E+0	0.000000E+0
3.051624E+3	1.125190E-7	1.306740E+4	0.000000E+0	0.000000E+0
3.055617E+3	1.126610E-7	1.306710E+4	0.000000E+0	0.000000E+0
3.059621E+3	1.124650E-7	1.306680E+4	0.000000E+0	0.000000E+0
3.063616E+3	1.125230E-7	1.306650E+4	0.000000E+0	0.000000E+0
3.067626E+3	1.124500E-7	1.306630E+4	0.000000E+0	0.000000E+0
3.071621E+3	1.124930E-7	1.306620E+4	0.000000E+0	0.000000E+0
3.075620E+3	1.124660E-7	1.306600E+4	0.000000E+0	0.000000E+0
3.079617E+3	1.125000E-7	1.306580E+4	0.000000E+0	0.000000E+0
3.083620E+3	1.125020E-7	1.306560E+4	0.000000E+0	0.000000E+0
3.087620E+3	1.125020E-7	1.306550E+4	0.000000E+0	0.000000E+0
3.091625E+3	1.124710E-7	1.306520E+4	0.000000E+0	0.000000E+0
3.095621E+3	1.125130E-7	1.306510E+4	0.000000E+0	0.000000E+0
3.099622E+3	1.125270E-7	1.306510E+4	0.000000E+0	0.000000E+0
3.103618E+3	1.124370E-7	1.306500E+4	0.000000E+0	0.000000E+0
3.107624E+3	1.125350E-7	1.306500E+4	0.000000E+0	0.000000E+0
3.111618E+3	1.124600E-7	1.306500E+4	0.000000E+0	0.000000E+0
3.115623E+3	1.124660E-7	1.306500E+4	0.000000E+0	0.000000E+0
3.119619E+3	1.124880E-7	1.306500E+4	0.000000E+0	0.000000E+0
3.123620E+3	1.124480E-7	1.306600E+4	0.000000E+0	0.000000E+0
3.127622E+3	1.124820E-7	1.306690E+4	0.000000E+0	0.000000E+0
3.131623E+3	1.124440E-7	1.306720E+4	0.000000E+0	0.000000E+0
3.135623E+3	1.124510E-7	1.306720E+4	0.000000E+0	0.000000E+0
3.139619E+3	1.125250E-7	1.306710E+4	0.000000E+0	0.000000E+0
3.143616E+3	1.125180E-7	1.306690E+4	0.000000E+0	0.000000E+0
3.147621E+3	1.124920E-7	1.306670E+4	0.000000E+0	0.000000E+0
3.151623E+3	1.125490E-7	1.306710E+4	0.000000E+0	0.000000E+0
3.155623E+3	1.125450E-7	1.306750E+4	0.000000E+0	0.000000E+0
3.159621E+3	1.125200E-7	1.306740E+4	0.000000E+0	0.000000E+0
3.163620E+3	1.125230E-7	1.306740E+4	0.000000E+0	0.000000E+0
3.167620E+3	1.125220E-7	1.306720E+4	0.000000E+0	0.000000E+0
3.171622E+3	1.125070E-7	1.306710E+4	0.000000E+0	0.000000E+0
3.175621E+3	1.124750E-7	1.306710E+4	0.000000E+0	0.000000E+0
3.179619E+3	1.125010E-7	1.306700E+4	0.000000E+0	0.000000E+0
3.183621E+3	1.124540E-7	1.306700E+4	0.000000E+0	0.000000E+0
3.187624E+3	1.125620E-7	1.306670E+4	0.000000E+0	0.000000E+0
3.191617E+3	1.125210E-7	1.306720E+4	0.000000E+0	0.000000E+0
3.195622E+3	1.124820E-7	1.306790E+4	0.000000E+0	0.000000E+0
3.199618E+3	1.124790E-7	1.306810E+4	0.000000E+0	0.000000E+0
3.203621E+3	1.125640E-7	1.306820E+4	0.000000E+0	0.000000E+0
3.207616E+3	1.125200E-7	1.306820E+4	0.000000E+0	0.000000E+0
3.211622E+3	1.125640E-7	1.306790E+4	0.000000E+0	0.000000E+0
3.215618E+3	1.124610E-7	1.306780E+4	0.000000E+0	0.000000E+0
3.219622E+3	1.125580E-7	1.306780E+4	0.000000E+0	0.000000E+0
3.223625E+3	1.124910E-7	1.306810E+4	0.000000E+0	0.000000E+0
3.227623E+3	1.125220E-7	1.306860E+4	0.000000E+0	0.000000E+0
3.231619E+3	1.125080E-7	1.306870E+4	0.000000E+0	0.000000E+0
3.235618E+3	1.125590E-7	1.306880E+4	0.000000E+0	0.000000E+0
3.239621E+3	1.125330E-7	1.306860E+4	0.000000E+0	0.000000E+0
3.243621E+3	1.125150E-7	1.306850E+4	0.000000E+0	0.000000E+0
3.247621E+3	1.124950E-7	1.306860E+4	0.000000E+0	0.000000E+0
3.251621E+3	1.125210E-7	1.306830E+4	0.000000E+0	0.000000E+0
3.255614E+3	1.125670E-7	1.306820E+4	0.000000E+0	0.000000E+0
3.259621E+3	1.124690E-7	1.306850E+4	0.000000E+0	0.000000E+0
3.263612E+3	1.125110E-7	1.306880E+4	0.000000E+0	0.000000E+0
3.267624E+3	1.125670E-7	1.306890E+4	0.000000E+0	0.000000E+0
3.271619E+3	1.125680E-7	1.306880E+4	0.000000E+0	0.000000E+0
3.275618E+3	1.125360E-7	1.306850E+4	0.000000E+0	0.000000E+0
3.279621E+3	1.125270E-7	1.306840E+4	0.000000E+0	0.000000E+0
3.283624E+3	1.125710E-7	1.306830E+4	0.000000E+0	0.000000E+0
3.287624E+3	1.125600E-7	1.306820E+4	0.000000E+0	0.000000E+0
3.291622E+3	1.124470E-7	1.306800E+4	0.000000E+0	0.000000E+0
3.295620E+3	1.124500E-7	1.306790E+4	0.000000E+0	0.000000E+0
3.299630E+3	1.124730E-7	1.306780E+4	0.000000E+0	0.000000E+0
3.303622E+3	1.124460E-7	1.306780E+4	0.000000E+0	0.000000E+0
3.307621E+3	1.124780E-7	1.306800E+4	0.000000E+0	0.000000E+0
3.311618E+3	1.125510E-7	1.306830E+4	0.000000E+0	0.000000E+0
3.315623E+3	1.124890E-7	1.306840E+4	0.000000E+0	0.000000E+0
3.319618E+3	1.125380E-7	1.306850E+4	0.000000E+0	0.000000E+0
3.323621E+3	1.125100E-7	1.306840E+4	0.000000E+0	0.000000E+0
3.327616E+3	1.125060E-7	1.306870E+4	0.000000E+0	0.000000E+0
3.331625E+3	1.124840E-7	1.306880E+4	0.000000E+0	0.000000E+0
3.335616E+3	1.125410E-7	1.306870E+4	0.000000E+0	0.000000E+0
3.339623E+3	1.124410E-7	1.306860E+4	0.000000E+0	0.000000E+0
3.343619E+3	1.125280E-7	1.306850E+4	0.000000E+0	0.000000E+0
3.347623E+3	1.125030E-7	1.306830E+4	0.000000E+0	0.000000E+0
3.351623E+3	1.124400E-7	1.306810E+4	0.000000E+0	0.000000E+0
3.355623E+3	1.125030E-7	1.306790E+4	0.000000E+0	0.000000E+0
3.359621E+3	1.124740E-7	1.306780E+4	0.000000E+0	0.000000E+0
3.363622E+3	1.125000E-7	1.306770E+4	0.000000E+0	0.000000E+0
3.367622E+3	1.124690E-7	1.306770E+4	0.000000E+0	0.000000E+0
3.371621E+3	1.125270E-7	1.306770E+4	0.000000E+0	0.000000E+0
3.375618E+3	1.125130E-7	1.306780E+4	0.000000E+0	0.000000E+0
3.379621E+3	1.125210E-7	1.306780E+4	0.000000E+0	0.000000E+0
3.383622E+3	1.124990E-7	1.306760E+4	0.000000E+0	0.000000E+0
3.387624E+3	1.125610E-7	1.306770E+4	0.000000E+0	0.000000E+0
3.391618E+3	1.124690E-7	1.306800E+4	0.000000E+0	0.000000E+0
3.395625E+3	1.124990E-7	1.306870E+4	0.000000E+0	0.000000E+0
3.399625E+3	1.124710E-7	1.306910E+4	0.000000E+0	0.000000E+0
3.403622E+3	1.125800E-7	1.306920E+4	0.000000E+0	0.000000E+0
3.407618E+3	1.125180E-7	1.306900E+4	0.000000E+0	0.000000E+0
3.411622E+3	1.125220E-7	1.306890E+4	0.000000E+0	0.000000E+0
3.415615E+3	1.125500E-7	1.306880E+4	0.000000E+0	0.000000E+0
3.419621E+3	1.125680E-7	1.306850E+4	0.000000E+0	0.000000E+0
3.423616E+3	1.125270E-7	1.306840E+4	0.000000E+0	0.000000E+0
3.427624E+3	1.125620E-7	1.306840E+4	0.000000E+0	0.000000E+0
3.431616E+3	1.125530E-7	1.306880E+4	0.000000E+0	0.000000E+0
3.435626E+3	1.124990E-7	1.306880E+4	0.000000E+0	0.000000E+0
3.439617E+3	1.125080E-7	1.306880E+4	0.000000E+0	0.000000E+0
3.443620E+3	1.125330E-7	1.306860E+4	0.000000E+0	0.000000E+0
3.447619E+3	1.125620E-7	1.306870E+4	0.000000E+0	0.000000E+0
3.451619E+3	1.125170E-7	1.306860E+4	0.000000E+0	0.000000E+0
3.455615E+3	1.124930E-7	1.306870E+4	0.000000E+0	0.000000E+0
3.459622E+3	1.125870E-7	1.306860E+4	0.000000E+0	0.000000E+0
3.463617E+3	1.125740E-7	1.306880E+4	0.000000E+0	0.000000E+0
3.467622E+3	1.125340E-7	1.306870E+4	0.000000E+0	0.000000E+0
3.471617E+3	1.126190E-7	1.306880E+4	0.000000E+0	0.000000E+0
3.475620E+3	1.126070E-7	1.306910E+4	0.000000E+0	0.000000E+0
3.479621E+3	1.125320E-7	1.306920E+4	0.000000E+0	0.000000E+0
3.483625E+3	1.125260E-7	1.306920E+4	0.000000E+0	0.000000E+0
3.487622E+3	1.125730E-7	1.306910E+4	0.000000E+0	0.000000E+0
3.491625E+3	1.125670E-7	1.306920E+4	0.000000E+0	0.000000E+0
3.495621E+3	1.125970E-7	1.306890E+4	0.000000E+0	0.000000E+0
3.499621E+3	1.125040E-7	1.306860E+4	0.000000E+0	0.000000E+0
3.503616E+3	1.125390E-7	1.306830E+4	0.000000E+0	0.000000E+0
3.507625E+3	1.125920E-7	1.306830E+4	0.000000E+0	0.000000E+0
3.511621E+3	1.125520E-7	1.306850E+4	0.000000E+0	0.000000E+0
3.515621E+3	1.125960E-7	1.307100E+4	0.000000E+0	0.000000E+0
3.519619E+3	1.125200E-7	1.307090E+4	0.000000E+0	0.000000E+0
3.523622E+3	1.125420E-7	1.307050E+4	0.000000E+0	0.000000E+0
3.527623E+3	1.124370E-7	1.307000E+4	0.000000E+0	0.000000E+0
3.531621E+3	1.124710E-7	1.306950E+4	0.000000E+0	0.000000E+0
3.535619E+3	1.125410E-7	1.306950E+4	0.000000E+0	0.000000E+0
3.539624E+3	1.124670E-7	1.306930E+4	0.000000E+0	0.000000E+0
3.543619E+3	1.125240E-7	1.306910E+4	0.000000E+0	0.000000E+0
3.547619E+3	1.124750E-7	1.306900E+4	0.000000E+0	0.000000E+0
3.551621E+3	1.124990E-7	1.306880E+4	0.000000E+0	0.000000E+0
3.555628E+3	1.124810E-7	1.306860E+4	0.000000E+0	0.000000E+0
3.559624E+3	1.124680E-7	1.306860E+4	0.000000E+0	0.000000E+0
3.563624E+3	1.125240E-7	1.306840E+4	0.000000E+0	0.000000E+0
3.567621E+3	1.124680E-7	1.306830E+4	0.000000E+0	0.000000E+0
3.571626E+3	1.124710E-7	1.306820E+4	0.000000E+0	0.000000E+0
3.575624E+3	1.124030E-7	1.306810E+4	0.000000E+0	0.000000E+0
3.579624E+3	1.124890E-7	1.306800E+4	0.000000E+0	0.000000E+0
3.583621E+3	1.124420E-7	1.306790E+4	0.000000E+0	0.000000E+0
3.587621E+3	1.131030E-7	1.306780E+4	0.000000E+0	0.000000E+0
3.591622E+3	1.124830E-7	1.306780E+4	0.000000E+0	0.000000E+0
3.595621E+3	1.124850E-7	1.306790E+4	0.000000E+0	0.000000E+0
3.599623E+3	1.124590E-7	1.306790E+4	0.000000E+0	0.000000E+0
3.603623E+3	1.124590E-7	1.306790E+4	0.000000E+0	0.000000E+0
3.607623E+3	1.124780E-7	1.306780E+4	0.000000E+0	0.000000E+0
3.611621E+3	1.125200E-7	1.306790E+4	0.000000E+0	0.000000E+0
3.615617E+3	1.124900E-7	1.306790E+4	0.000000E+0	0.000000E+0
3.619624E+3	1.124640E-7	1.306780E+4	0.000000E+0	0.000000E+0
3.623617E+3	1.124450E-7	1.306780E+4	0.000000E+0	0.000000E+0
3.627622E+3	1.125250E-7	1.306770E+4	0.000000E+0	0.000000E+0
3.631619E+3	1.125180E-7	1.306770E+4	0.000000E+0	0.000000E+0
3.635623E+3	1.124850E-7	1.306780E+4	0.000000E+0	0.000000E+0
3.639619E+3	1.124580E-7	1.306790E+4	0.000000E+0	0.000000E+0
3.643622E+3	1.124850E-7	1.306810E+4	0.000000E+0	0.000000E+0
3.647621E+3	1.124780E-7	1.306850E+4	0.000000E+0	0.000000E+0
3.651625E+3	1.125100E-7	1.306900E+4	0.000000E+0	0.000000E+0
3.655606E+3	1.124850E-7	1.306930E+4	0.000000E+0	0.000000E+0
3.659619E+3	1.125010E-7	1.306920E+4	0.000000E+0	0.000000E+0
3.663625E+3	1.124830E-7	1.306910E+4	0.000000E+0	0.000000E+0
3.667604E+3	1.124900E-7	1.306900E+4	0.000000E+0	0.000000E+0
3.671633E+3	1.124620E-7	1.306900E+4	0.000000E+0	0.000000E+0
3.675618E+3	1.125180E-7	1.306920E+4	0.000000E+0	0.000000E+0
3.679618E+3	1.124690E-7	1.306900E+4	0.000000E+0	0.000000E+0
3.683618E+3	1.125100E-7	1.306890E+4	0.000000E+0	0.000000E+0
3.687619E+3	1.125640E-7	1.306860E+4	0.000000E+0	0.000000E+0
3.691621E+3	1.125570E-7	1.306840E+4	0.000000E+0	0.000000E+0
3.695622E+3	1.125340E-7	1.306810E+4	0.000000E+0	0.000000E+0
3.699621E+3	1.125200E-7	1.306790E+4	0.000000E+0	0.000000E+0
3.703621E+3	1.124880E-7	1.306770E+4	0.000000E+0	0.000000E+0
3.707621E+3	1.125060E-7	1.306760E+4	0.000000E+0	0.000000E+0
3.711617E+3	1.125120E-7	1.306730E+4	0.000000E+0	0.000000E+0
3.715624E+3	1.124970E-7	1.306700E+4	0.000000E+0	0.000000E+0
3.719616E+3	1.124730E-7	1.306690E+4	0.000000E+0	0.000000E+0
3.723627E+3	1.124820E-7	1.306710E+4	0.000000E+0	0.000000E+0
3.727617E+3	1.125310E-7	1.306850E+4	0.000000E+0	0.000000E+0
3.731624E+3	1.125610E-7	1.306950E+4	0.000000E+0	0.000000E+0
3.735620E+3	1.124830E-7	1.307000E+4	0.000000E+0	0.000000E+0
3.739624E+3	1.124480E-7	1.307050E+4	0.000000E+0	0.000000E+0
3.743619E+3	1.125470E-7	1.307060E+4	0.000000E+0	0.000000E+0
3.747624E+3	1.125140E-7	1.307050E+4	0.000000E+0	0.000000E+0
3.751618E+3	1.124740E-7	1.307010E+4	0.000000E+0	0.000000E+0
3.755625E+3	1.125590E-7	1.306990E+4	0.000000E+0	0.000000E+0
3.759621E+3	1.125490E-7	1.307020E+4	0.000000E+0	0.000000E+0
3.763620E+3	1.125160E-7	1.307030E+4	0.000000E+0	0.000000E+0
3.767621E+3	1.125410E-7	1.307020E+4	0.000000E+0	0.000000E+0
3.771621E+3	1.125270E-7	1.307030E+4	0.000000E+0	0.000000E+0
3.775625E+3	1.124920E-7	1.307040E+4	0.000000E+0	0.000000E+0
3.779622E+3	1.124870E-7	1.307010E+4	0.000000E+0	0.000000E+0
3.783619E+3	1.125100E-7	1.306970E+4	0.000000E+0	0.000000E+0
3.787623E+3	1.133610E-7	1.306940E+4	0.000000E+0	0.000000E+0
3.791623E+3	1.125970E-7	1.306910E+4	0.000000E+0	0.000000E+0
3.795621E+3	1.124960E-7	1.306890E+4	0.000000E+0	0.000000E+0
3.799618E+3	1.125740E-7	1.306870E+4	0.000000E+0	0.000000E+0
3.803621E+3	1.125350E-7	1.306840E+4	0.000000E+0	0.000000E+0
3.807621E+3	1.125480E-7	1.306830E+4	0.000000E+0	0.000000E+0
3.811619E+3	1.125300E-7	1.306810E+4	0.000000E+0	0.000000E+0
3.815617E+3	1.125970E-7	1.306800E+4	0.000000E+0	0.000000E+0
3.819622E+3	1.125170E-7	1.306790E+4	0.000000E+0	0.000000E+0
3.823620E+3	1.125730E-7	1.306790E+4	0.000000E+0	0.000000E+0
3.827620E+3	1.125750E-7	1.306780E+4	0.000000E+0	0.000000E+0
3.831619E+3	1.125260E-7	1.306760E+4	0.000000E+0	0.000000E+0
3.835630E+3	1.124710E-7	1.306740E+4	0.000000E+0	0.000000E+0
3.839622E+3	1.125270E-7	1.306740E+4	0.000000E+0	0.000000E+0
3.843617E+3	1.125030E-7	1.306710E+4	0.000000E+0	0.000000E+0
3.847617E+3	1.125230E-7	1.306680E+4	0.000000E+0	0.000000E+0
3.851620E+3	1.124920E-7	1.306670E+4	0.000000E+0	0.000000E+0
3.855621E+3	1.125450E-7	1.306650E+4	0.000000E+0	0.000000E+0
3.859621E+3	1.125790E-7	1.306650E+4	0.000000E+0	0.000000E+0
3.863615E+3	1.125230E-7	1.306650E+4	0.000000E+0	0.000000E+0
3.867625E+3	1.125200E-7	1.306640E+4	0.000000E+0	0.000000E+0
3.871607E+3	1.125060E-7	1.306620E+4	0.000000E+0	0.000000E+0
3.875620E+3	1.125260E-7	1.306630E+4	0.000000E+0	0.000000E+0
3.879623E+3	1.125060E-7	1.306630E+4	0.000000E+0	0.000000E+0
3.883615E+3	1.125250E-7	1.306640E+4	0.000000E+0	0.000000E+0
3.887626E+3	1.131720E-7	1.306670E+4	0.000000E+0	0.000000E+0
3.891625E+3	1.125220E-7	1.306740E+4	0.000000E+0	0.000000E+0
3.895621E+3	1.127520E-7	1.306740E+4	0.000000E+0	0.000000E+0
3.899621E+3	1.133270E-7	1.306740E+4	0.000000E+0	0.000000E+0
3.903621E+3	1.125950E-7	1.306720E+4	0.000000E+0	0.000000E+0
3.907617E+3	1.125680E-7	1.306730E+4	0.000000E+0	0.000000E+0
3.911623E+3	1.125670E-7	1.306730E+4	0.000000E+0	0.000000E+0
3.915604E+3	1.125640E-7	1.306710E+4	0.000000E+0	0.000000E+0
3.919617E+3	1.125900E-7	1.306750E+4	0.000000E+0	0.000000E+0
3.923621E+3	1.125730E-7	1.306750E+4	0.000000E+0	0.000000E+0
3.927619E+3	1.125740E-7	1.306740E+4	0.000000E+0	0.000000E+0
3.931621E+3	1.125190E-7	1.306730E+4	0.000000E+0	0.000000E+0
3.935620E+3	1.125700E-7	1.306710E+4	0.000000E+0	0.000000E+0
3.939617E+3	1.125200E-7	1.306670E+4	0.000000E+0	0.000000E+0
3.943621E+3	1.125230E-7	1.306660E+4	0.000000E+0	0.000000E+0
3.947617E+3	1.125050E-7	1.306700E+4	0.000000E+0	0.000000E+0
3.951618E+3	1.126040E-7	1.306700E+4	0.000000E+0	0.000000E+0
3.955625E+3	1.125560E-7	1.306720E+4	0.000000E+0	0.000000E+0
3.959604E+3	1.125740E-7	1.306730E+4	0.000000E+0	0.000000E+0
3.963621E+3	1.125260E-7	1.306680E+4	0.000000E+0	0.000000E+0
3.967619E+3	1.125070E-7	1.306640E+4	0.000000E+0	0.000000E+0
3.971619E+3	1.124920E-7	1.306640E+4	0.000000E+0	0.000000E+0
3.975621E+3	1.125860E-7	1.306620E+4	0.000000E+0	0.000000E+0
3.979618E+3	1.125070E-7	1.306600E+4	0.000000E+0	0.000000E+0
3.983621E+3	1.125640E-7	1.306580E+4	0.000000E+0	0.000000E+0
3.987619E+3	1.125010E-7	1.306570E+4	0.000000E+0	0.000000E+0
3.991624E+3	1.125710E-7	1.306550E+4	0.000000E+0	0.000000E+0
3.995617E+3	1.125320E-7	1.306560E+4	0.000000E+0	0.000000E+0
3.999621E+3	1.125710E-7	1.306550E+4	0.000000E+0	0.000000E+0
4.003620E+3	1.125560E-7	1.306540E+4	0.000000E+0	0.000000E+0
4.007620E+3	1.125260E-7	1.306520E+4	0.000000E+0	0.000000E+0
4.011616E+3	1.125790E-7	1.306510E+4	0.000000E+0	0.000000E+0
4.015619E+3	1.125090E-7	1.306490E+4	0.000000E+0	0.000000E+0
4.019620E+3	1.126100E-7	1.306490E+4	0.000000E+0	0.000000E+0
4.023624E+3	1.126340E-7	1.306470E+4	0.000000E+0	0.000000E+0
4.027618E+3	1.126180E-7	1.306490E+4	0.000000E+0	0.000000E+0
4.031621E+3	1.126130E-7	1.306500E+4	0.000000E+0	0.000000E+0
4.035621E+3	1.125780E-7	1.306500E+4	0.000000E+0	0.000000E+0
4.039621E+3	1.126240E-7	1.306500E+4	0.000000E+0	0.000000E+0
4.043618E+3	1.125890E-7	1.306520E+4	0.000000E+0	0.000000E+0
4.047621E+3	1.125950E-7	1.306550E+4	0.000000E+0	0.000000E+0
4.051621E+3	1.125930E-7	1.306560E+4	0.000000E+0	0.000000E+0
4.055621E+3	1.125990E-7	1.306600E+4	0.000000E+0	0.000000E+0
4.059618E+3	1.126120E-7	1.306590E+4	0.000000E+0	0.000000E+0
4.063621E+3	1.125710E-7	1.306580E+4	0.000000E+0	0.000000E+0
4.067619E+3	1.126040E-7	1.306570E+4	0.000000E+0	0.000000E+0
4.071619E+3	1.125830E-7	1.306550E+4	0.000000E+0	0.000000E+0
4.075616E+3	1.126230E-7	1.306530E+4	0.000000E+0	0.000000E+0
4.079621E+3	1.125790E-7	1.306520E+4	0.000000E+0	0.000000E+0
4.083621E+3	1.125500E-7	1.306510E+4	0.000000E+0	0.000000E+0
4.087621E+3	1.125550E-7	1.306500E+4	0.000000E+0	0.000000E+0
4.091619E+3	1.125590E-7	1.306480E+4	0.000000E+0	0.000000E+0
4.095618E+3	1.125480E-7	1.306490E+4	0.000000E+0	0.000000E+0
4.099620E+3	1.125780E-7	1.306540E+4	0.000000E+0	0.000000E+0
4.103619E+3	1.126440E-7	1.306600E+4	0.000000E+0	0.000000E+0
4.107619E+3	1.126610E-7	1.306660E+4	0.000000E+0	0.000000E+0
4.111620E+3	1.126440E-7	1.306700E+4	0.000000E+0	0.000000E+0
4.115620E+3	1.126570E-7	1.306710E+4	0.000000E+0	0.000000E+0
4.119620E+3	1.126050E-7	1.306700E+4	0.000000E+0	0.000000E+0
4.123621E+3	1.126440E-7	1.306740E+4	0.000000E+0	0.000000E+0
4.127621E+3	1.126040E-7	1.306760E+4	0.000000E+0	0.000000E+0
4.131618E+3	1.126050E-7	1.306760E+4	0.000000E+0	0.000000E+0
4.135620E+3	1.125690E-7	1.306810E+4	0.000000E+0	0.000000E+0
4.139620E+3	1.125980E-7	1.306840E+4	0.000000E+0	0.000000E+0
4.143621E+3	1.125620E-7	1.306890E+4	0.000000E+0	0.000000E+0
4.147620E+3	1.125400E-7	1.306930E+4	0.000000E+0	0.000000E+0
4.151623E+3	1.126020E-7	1.306920E+4	0.000000E+0	0.000000E+0
4.155620E+3	1.126360E-7	1.306890E+4	0.000000E+0	0.000000E+0
4.159622E+3	1.126350E-7	1.306860E+4	0.000000E+0	0.000000E+0
4.163622E+3	1.126120E-7	1.306810E+4	0.000000E+0	0.000000E+0
4.167626E+3	1.126320E-7	1.306780E+4	0.000000E+0	0.000000E+0
4.171602E+3	1.126230E-7	1.306750E+4	0.000000E+0	0.000000E+0
4.175618E+3	1.126180E-7	1.306780E+4	0.000000E+0	0.000000E+0
4.179623E+3	1.127210E-7	1.306860E+4	0.000000E+0	0.000000E+0
4.183617E+3	1.125990E-7	1.306890E+4	0.000000E+0	0.000000E+0
4.187623E+3	1.130990E-7	1.306870E+4	0.000000E+0	0.000000E+0
4.191620E+3	1.126010E-7	1.306850E+4	0.000000E+0	0.000000E+0
4.195621E+3	1.126080E-7	1.306840E+4	0.000000E+0	0.000000E+0
4.199620E+3	1.126440E-7	1.306830E+4	0.000000E+0	0.000000E+0
4.203619E+3	1.126460E-7	1.306840E+4	0.000000E+0	0.000000E+0
4.207615E+3	1.126530E-7	1.306890E+4	0.000000E+0	0.000000E+0
4.211619E+3	1.126450E-7	1.306940E+4	0.000000E+0	0.000000E+0
4.215618E+3	1.126590E-7	1.306940E+4	0.000000E+0	0.000000E+0
4.219618E+3	1.126250E-7	1.306910E+4	0.000000E+0	0.000000E+0
4.223620E+3	1.126670E-7	1.306860E+4	0.000000E+0	0.000000E+0
4.227621E+3	1.126060E-7	1.306830E+4	0.000000E+0	0.000000E+0
4.231620E+3	1.126720E-7	1.306790E+4	0.000000E+0	0.000000E+0
4.235623E+3	1.126080E-7	1.306750E+4	0.000000E+0	0.000000E+0
4.239620E+3	1.125770E-7	1.306730E+4	0.000000E+0	0.000000E+0
4.243622E+3	1.126500E-7	1.306730E+4	0.000000E+0	0.000000E+0
4.247619E+3	1.126010E-7	1.306740E+4	0.000000E+0	0.000000E+0
4.251623E+3	1.126190E-7	1.306720E+4	0.000000E+0	0.000000E+0
4.255618E+3	1.126560E-7	1.306710E+4	0.000000E+0	0.000000E+0
4.259621E+3	1.125700E-7	1.306710E+4	0.000000E+0	0.000000E+0
4.263621E+3	1.125760E-7	1.306720E+4	0.000000E+0	0.000000E+0
4.267621E+3	1.126390E-7	1.306700E+4	0.000000E+0	0.000000E+0
4.271618E+3	1.126150E-7	1.306730E+4	0.000000E+0	0.000000E+0
4.275621E+3	1.126650E-7	1.306720E+4	0.000000E+0	0.000000E+0
4.279619E+3	1.126470E-7	1.306720E+4	0.000000E+0	0.000000E+0
4.283619E+3	1.126710E-7	1.306710E+4	0.000000E+0	0.000000E+0
4.287619E+3	1.126270E-7	1.306720E+4	0.000000E+0	0.000000E+0
4.291620E+3	1.126350E-7	1.306700E+4	0.000000E+0	0.000000E+0
4.295621E+3	1.126020E-7	1.306690E+4	0.000000E+0	0.000000E+0
4.299621E+3	1.126670E-7	1.306680E+4	0.000000E+0	0.000000E+0
4.303617E+3	1.126090E-7	1.306670E+4	0.000000E+0	0.000000E+0
4.307622E+3	1.126000E-7	1.306640E+4	0.000000E+0	0.000000E+0
4.311622E+3	1.126840E-7	1.306610E+4	0.000000E+0	0.000000E+0
4.315621E+3	1.126670E-7	1.306600E+4	0.000000E+0	0.000000E+0
4.319618E+3	1.125920E-7	1.306580E+4	0.000000E+0	0.000000E+0
4.323621E+3	1.126140E-7	1.306560E+4	0.000000E+0	0.000000E+0
4.327618E+3	1.126550E-7	1.306520E+4	0.000000E+0	0.000000E+0
4.331627E+3	1.126210E-7	1.306500E+4	0.000000E+0	0.000000E+0
4.335599E+3	1.126300E-7	1.306480E+4	0.000000E+0	0.000000E+0
4.339634E+3	1.126500E-7	1.306470E+4	0.000000E+0	0.000000E+0
4.343623E+3	1.126050E-7	1.306450E+4	0.000000E+0	0.000000E+0
4.347622E+3	1.126330E-7	1.306460E+4	0.000000E+0	0.000000E+0
4.351621E+3	1.126300E-7	1.306460E+4	0.000000E+0	0.000000E+0
4.355619E+3	1.126100E-7	1.306440E+4	0.000000E+0	0.000000E+0
4.359621E+3	1.126050E-7	1.306430E+4	0.000000E+0	0.000000E+0
4.363619E+3	1.126280E-7	1.306420E+4	0.000000E+0	0.000000E+0
4.367623E+3	1.126520E-7	1.306400E+4	0.000000E+0	0.000000E+0
4.371619E+3	1.126190E-7	1.306400E+4	0.000000E+0	0.000000E+0
4.375621E+3	1.126930E-7	1.306390E+4	0.000000E+0	0.000000E+0
4.379623E+3	1.126960E-7	1.306370E+4	0.000000E+0	0.000000E+0
4.383621E+3	1.125690E-7	1.306360E+4	0.000000E+0	0.000000E+0
4.387619E+3	1.126650E-7	1.306340E+4	0.000000E+0	0.000000E+0
4.391621E+3	1.126170E-7	1.306320E+4	0.000000E+0	0.000000E+0
4.395619E+3	1.126840E-7	1.306310E+4	0.000000E+0	0.000000E+0
4.399622E+3	1.126570E-7	1.306290E+4	0.000000E+0	0.000000E+0
4.403617E+3	1.126000E-7	1.306290E+4	0.000000E+0	0.000000E+0
4.407622E+3	1.126440E-7	1.306290E+4	0.000000E+0	0.000000E+0
4.411621E+3	1.126940E-7	1.306300E+4	0.000000E+0	0.000000E+0
4.415621E+3	1.126100E-7	1.306330E+4	0.000000E+0	0.000000E+0
4.419620E+3	1.126160E-7	1.306360E+4	0.000000E+0	0.000000E+0
4.423622E+3	1.126930E-7	1.306400E+4	0.000000E+0	0.000000E+0
4.427620E+3	1.127260E-7	1.306450E+4	0.000000E+0	0.000000E+0
4.431623E+3	1.126060E-7	1.306500E+4	0.000000E+0	0.000000E+0
4.435604E+3	1.126830E-7	1.306500E+4	0.000000E+0	0.000000E+0
4.439619E+3	1.126780E-7	1.306520E+4	0.000000E+0	0.000000E+0
4.443625E+3	1.126180E-7	1.306510E+4	0.000000E+0	0.000000E+0
4.447602E+3	1.126830E-7	1.306500E+4	0.000000E+0	0.000000E+0
4.451618E+3	1.127040E-7	1.306490E+4	0.000000E+0	0.000000E+0
4.455623E+3	1.127440E-7	1.306520E+4	0.000000E+0	0.000000E+0
4.459617E+3	1.126580E-7	1.306560E+4	0.000000E+0	0.000000E+0
4.463621E+3	1.126930E-7	1.306580E+4	0.000000E+0	0.000000E+0
4.467619E+3	1.126260E-7	1.306610E+4	0.000000E+0	0.000000E+0
4.471616E+3	1.126240E-7	1.306590E+4	0.000000E+0	0.000000E+0
4.475619E+3	1.126910E-7	1.306570E+4	0.000000E+0	0.000000E+0
4.479624E+3	1.127040E-7	1.306600E+4	0.000000E+0	0.000000E+0
4.483617E+3	1.126620E-7	1.306630E+4	0.000000E+0	0.000000E+0
4.487622E+3	1.133560E-7	1.306680E+4	0.000000E+0	0.000000E+0
4.491604E+3	1.127070E-7	1.306660E+4	0.000000E+0	0.000000E+0
4.495619E+3	1.126320E-7	1.306620E+4	0.000000E+0	0.000000E+0
4.499622E+3	1.126120E-7	1.306550E+4	0.000000E+0	0.000000E+0
4.503621E+3	1.126880E-7	1.306520E+4	0.000000E+0	0.000000E+0
4.507620E+3	1.126640E-7	1.306480E+4	0.000000E+0	0.000000E+0
4.511617E+3	1.126150E-7	1.306440E+4	0.000000E+0	0.000000E+0
4.515625E+3	1.126970E-7	1.306420E+4	0.000000E+0	0.000000E+0
4.519602E+3	1.126600E-7	1.306400E+4	0.000000E+0	0.000000E+0
4.523616E+3	1.126880E-7	1.306390E+4	0.000000E+0	0.000000E+0
4.527628E+3	1.126890E-7	1.306390E+4	0.000000E+0	0.000000E+0
4.531604E+3	1.126870E-7	1.306410E+4	0.000000E+0	0.000000E+0
4.535616E+3	1.126130E-7	1.306430E+4	0.000000E+0	0.000000E+0
4.539622E+3	1.127240E-7	1.306430E+4	0.000000E+0	0.000000E+0
4.543617E+3	1.126400E-7	1.306420E+4	0.000000E+0	0.000000E+0
4.547625E+3	1.126620E-7	1.306400E+4	0.000000E+0	0.000000E+0
4.551619E+3	1.125960E-7	1.306390E+4	0.000000E+0	0.000000E+0
4.555621E+3	1.126660E-7	1.306520E+4	0.000000E+0	0.000000E+0
4.559617E+3	1.126970E-7	1.306640E+4	0.000000E+0	0.000000E+0
4.563622E+3	1.126230E-7	1.306640E+4	0.000000E+0	0.000000E+0
4.567620E+3	1.126790E-7	1.306590E+4	0.000000E+0	0.000000E+0
4.571620E+3	1.126790E-7	1.306550E+4	0.000000E+0	0.000000E+0
4.575621E+3	1.126470E-7	1.306510E+4	0.000000E+0	0.000000E+0
4.579624E+3	1.126840E-7	1.306480E+4	0.000000E+0	0.000000E+0
4.583622E+3	1.126390E-7	1.306430E+4	0.000000E+0	0.000000E+0
4.587621E+3	1.126520E-7	1.306400E+4	0.000000E+0	0.000000E+0
4.591618E+3	1.126960E-7	1.306380E+4	0.000000E+0	0.000000E+0
4.595621E+3	1.126350E-7	1.306360E+4	0.000000E+0	0.000000E+0
4.599622E+3	1.126170E-7	1.306330E+4	0.000000E+0	0.000000E+0
4.603621E+3	1.127020E-7	1.306310E+4	0.000000E+0	0.000000E+0
4.607617E+3	1.127280E-7	1.306290E+4	0.000000E+0	0.000000E+0
4.611621E+3	1.127000E-7	1.306270E+4	0.000000E+0	0.000000E+0
4.615618E+3	1.126620E-7	1.306260E+4	0.000000E+0	0.000000E+0
4.619623E+3	1.127060E-7	1.306240E+4	0.000000E+0	0.000000E+0
4.623621E+3	1.126910E-7	1.306220E+4	0.000000E+0	0.000000E+0
4.627622E+3	1.127240E-7	1.306220E+4	0.000000E+0	0.000000E+0
4.631622E+3	1.127030E-7	1.306210E+4	0.000000E+0	0.000000E+0
4.635621E+3	1.127080E-7	1.306200E+4	0.000000E+0	0.000000E+0
4.639619E+3	1.126490E-7	1.306190E+4	0.000000E+0	0.000000E+0
4.643621E+3	1.126250E-7	1.306200E+4	0.000000E+0	0.000000E+0
4.647623E+3	1.127550E-7	1.306200E+4	0.000000E+0	0.000000E+0
4.651623E+3	1.126850E-7	1.306200E+4	0.000000E+0	0.000000E+0
4.655621E+3	1.127050E-7	1.306180E+4	0.000000E+0	0.000000E+0
4.659623E+3	1.127220E-7	1.306170E+4	0.000000E+0	0.000000E+0
4.663604E+3	1.126250E-7	1.306170E+4	0.000000E+0	0.000000E+0
4.667617E+3	1.127170E-7	1.306160E+4	0.000000E+0	0.000000E+0
4.671624E+3	1.126390E-7	1.306170E+4	0.000000E+0	0.000000E+0
4.675617E+3	1.127160E-7	1.306200E+4	0.000000E+0	0.000000E+0
4.679624E+3	1.126760E-7	1.306240E+4	0.000000E+0	0.000000E+0
4.683618E+3	1.127070E-7	1.306240E+4	0.000000E+0	0.000000E+0
4.687621E+3	1.126430E-7	1.306260E+4	0.000000E+0	0.000000E+0
4.691618E+3	1.127140E-7	1.306310E+4	0.000000E+0	0.000000E+0
4.695621E+3	1.127420E-7	1.306340E+4	0.000000E+0	0.000000E+0
4.699618E+3	1.126960E-7	1.306350E+4	0.000000E+0	0.000000E+0
4.703623E+3	1.126960E-7	1.306340E+4	0.000000E+0	0.000000E+0
4.707623E+3	1.128370E-7	1.306410E+4	0.000000E+0	0.000000E+0
4.711622E+3	1.136300E-7	1.306480E+4	0.000000E+0	0.000000E+0
4.715618E+3	1.129440E-7	1.306460E+4	0.000000E+0	0.000000E+0
4.719623E+3	1.127910E-7	1.306450E+4	0.000000E+0	0.000000E+0
4.723618E+3	1.127800E-7	1.306430E+4	0.000000E+0	0.000000E+0
4.727622E+3	1.127670E-7	1.306410E+4	0.000000E+0	0.000000E+0
4.731622E+3	1.127710E-7	1.306390E+4	0.000000E+0	0.000000E+0
4.735621E+3	1.127610E-7	1.306380E+4	0.000000E+0	0.000000E+0
4.739617E+3	1.127840E-7	1.306380E+4	0.000000E+0	0.000000E+0
4.743626E+3	1.127410E-7	1.306370E+4	0.000000E+0	0.000000E+0
4.747621E+3	1.127850E-7	1.306340E+4	0.000000E+0	0.000000E+0
4.751621E+3	1.128190E-7	1.306310E+4	0.000000E+0	0.000000E+0
4.755617E+3	1.127930E-7	1.306290E+4	0.000000E+0	0.000000E+0
4.759622E+3	1.128200E-7	1.306250E+4	0.000000E+0	0.000000E+0
4.763621E+3	1.127600E-7	1.306210E+4	0.000000E+0	0.000000E+0
4.767621E+3	1.128170E-7	1.306180E+4	0.000000E+0	0.000000E+0
4.771619E+3	1.127710E-7	1.306150E+4	0.000000E+0	0.000000E+0
4.775623E+3	1.127670E-7	1.306130E+4	0.000000E+0	0.000000E+0
4.779622E+3	1.127390E-7	1.306110E+4	0.000000E+0	0.000000E+0
4.783621E+3	1.127900E-7	1.306080E+4	0.000000E+0	0.000000E+0
4.787620E+3	1.131670E-7	1.306070E+4	0.000000E+0	0.000000E+0
4.791621E+3	1.127380E-7	1.306060E+4	0.000000E+0	0.000000E+0
4.795621E+3	1.127230E-7	1.306110E+4	0.000000E+0	0.000000E+0
4.799621E+3	1.127720E-7	1.306090E+4	0.000000E+0	0.000000E+0
4.803618E+3	1.127300E-7	1.306100E+4	0.000000E+0	0.000000E+0
4.807621E+3	1.128300E-7	1.306090E+4	0.000000E+0	0.000000E+0
4.811621E+3	1.127610E-7	1.306070E+4	0.000000E+0	0.000000E+0
4.815623E+3	1.127290E-7	1.306070E+4	0.000000E+0	0.000000E+0
4.819621E+3	1.127340E-7	1.306080E+4	0.000000E+0	0.000000E+0
4.823622E+3	1.126370E-7	1.306070E+4	0.000000E+0	0.000000E+0
4.827623E+3	1.128140E-7	1.306070E+4	0.000000E+0	0.000000E+0
4.831621E+3	1.127600E-7	1.306060E+4	0.000000E+0	0.000000E+0
4.835618E+3	1.127290E-7	1.306040E+4	0.000000E+0	0.000000E+0
4.839621E+3	1.127550E-7	1.306030E+4	0.000000E+0	0.000000E+0
4.843623E+3	1.127040E-7	1.306010E+4	0.000000E+0	0.000000E+0
4.847621E+3	1.128520E-7	1.306000E+4	0.000000E+0	0.000000E+0
4.851619E+3	1.127020E-7	1.305980E+4	0.000000E+0	0.000000E+0
4.855627E+3	1.127200E-7	1.305960E+4	0.000000E+0	0.000000E+0
4.859617E+3	1.126660E-7	1.305950E+4	0.000000E+0	0.000000E+0
4.863621E+3	1.127470E-7	1.305930E+4	0.000000E+0	0.000000E+0
4.867619E+3	1.126630E-7	1.305930E+4	0.000000E+0	0.000000E+0
4.871619E+3	1.127610E-7	1.305940E+4	0.000000E+0	0.000000E+0
4.875618E+3	1.127130E-7	1.305940E+4	0.000000E+0	0.000000E+0
4.879624E+3	1.127350E-7	1.305960E+4	0.000000E+0	0.000000E+0
4.883620E+3	1.126710E-7	1.305950E+4	0.000000E+0	0.000000E+0
4.887627E+3	1.127470E-7	1.305940E+4	0.000000E+0	0.000000E+0
4.891605E+3	1.127490E-7	1.305930E+4	0.000000E+0	0.000000E+0
4.895618E+3	1.127090E-7	1.305910E+4	0.000000E+0	0.000000E+0
4.899622E+3	1.127150E-7	1.305900E+4	0.000000E+0	0.000000E+0
4.903618E+3	1.127490E-7	1.305870E+4	0.000000E+0	0.000000E+0
4.907623E+3	1.127630E-7	1.305860E+4	0.000000E+0	0.000000E+0
4.911605E+3	1.134550E-7	1.305860E+4	0.000000E+0	0.000000E+0
4.915618E+3	1.127170E-7	1.305850E+4	0.000000E+0	0.000000E+0
4.919621E+3	1.127970E-7	1.305840E+4	0.000000E+0	0.000000E+0
4.923618E+3	1.127430E-7	1.305850E+4	0.000000E+0	0.000000E+0
4.927621E+3	1.127750E-7	1.305860E+4	0.000000E+0	0.000000E+0
4.931617E+3	1.127840E-7	1.305880E+4	0.000000E+0	0.000000E+0
4.935623E+3	1.127420E-7	1.305890E+4	0.000000E+0	0.000000E+0
4.939603E+3	1.127820E-7	1.305890E+4	0.000000E+0	0.000000E+0
4.943618E+3	1.127720E-7	1.305880E+4	0.000000E+0	0.000000E+0
4.947623E+3	1.127410E-7	1.305880E+4	0.000000E+0	0.000000E+0
4.951619E+3	1.127990E-7	1.305940E+4	0.000000E+0	0.000000E+0
4.955619E+3	1.128230E-7	1.306040E+4	0.000000E+0	0.000000E+0
4.959619E+3	1.128380E-7	1.306090E+4	0.000000E+0	0.000000E+0
4.963624E+3	1.128480E-7	1.306090E+4	0.000000E+0	0.000000E+0
4.967622E+3	1.128150E-7	1.306130E+4	0.000000E+0	0.000000E+0
4.971621E+3	1.128230E-7	1.306130E+4	0.000000E+0	0.000000E+0
4.975620E+3	1.128440E-7	1.306140E+4	0.000000E+0	0.000000E+0
4.979623E+3	1.128160E-7	1.306130E+4	0.000000E+0	0.000000E+0
4.983604E+3	1.128230E-7	1.306140E+4	0.000000E+0	0.000000E+0
4.987615E+3	1.127870E-7	1.306140E+4	0.000000E+0	0.000000E+0
4.991618E+3	1.128750E-7	1.306160E+4	0.000000E+0	0.000000E+0
4.995623E+3	1.128500E-7	1.306190E+4	0.000000E+0	0.000000E+0
4.999623E+3	1.128600E-7	1.306190E+4	0.000000E+0	0.000000E+0
5.003616E+3	1.128360E-7	1.306160E+4	0.000000E+0	0.000000E+0
5.007626E+3	1.128720E-7	1.306120E+4	0.000000E+0	0.000000E+0
5.011608E+3	1.128660E-7	1.306090E+4	0.000000E+0	0.000000E+0
5.015619E+3	1.128390E-7	1.306090E+4	0.000000E+0	0.000000E+0
5.019628E+3	1.128050E-7	1.306070E+4	0.000000E+0	0.000000E+0
5.023603E+3	1.128280E-7	1.306050E+4	0.000000E+0	0.000000E+0
5.027616E+3	1.128450E-7	1.306050E+4	0.000000E+0	0.000000E+0
5.031623E+3	1.127860E-7	1.306070E+4	0.000000E+0	0.000000E+0
5.035619E+3	1.128320E-7	1.306050E+4	0.000000E+0	0.000000E+0
5.039621E+3	1.127880E-7	1.306020E+4	0.000000E+0	0.000000E+0
5.043620E+3	1.127590E-7	1.305990E+4	0.000000E+0	0.000000E+0
5.047626E+3	1.128180E-7	1.305970E+4	0.000000E+0	0.000000E+0
5.051619E+3	1.128130E-7	1.305970E+4	0.000000E+0	0.000000E+0
5.055620E+3	1.128060E-7	1.305970E+4	0.000000E+0	0.000000E+0
5.059621E+3	1.127700E-7	1.305940E+4	0.000000E+0	0.000000E+0
5.063621E+3	1.128610E-7	1.305950E+4	0.000000E+0	0.000000E+0
5.067601E+3	1.128050E-7	1.305950E+4	0.000000E+0	0.000000E+0
5.071618E+3	1.128450E-7	1.305930E+4	0.000000E+0	0.000000E+0
5.075625E+3	1.127970E-7	1.305930E+4	0.000000E+0	0.000000E+0
5.079624E+3	1.128560E-7	1.305920E+4	0.000000E+0	0.000000E+0
5.083621E+3	1.128000E-7	1.305910E+4	0.000000E+0	0.000000E+0
5.087621E+3	1.134580E-7	1.305870E+4	0.000000E+0	0.000000E+0
5.091625E+3	1.128100E-7	1.305840E+4	0.000000E+0	0.000000E+0
5.095621E+3	1.128280E-7	1.305800E+4	0.000000E+0	0.000000E+0
5.099622E+3	1.128170E-7	1.305780E+4	0.000000E+0	0.000000E+0
5.103618E+3	1.127820E-7	1.305760E+4	0.000000E+0	0.000000E+0
5.107630E+3	1.128450E-7	1.305770E+4	0.000000E+0	0.000000E+0
5.111601E+3	1.128100E-7	1.305790E+4	0.000000E+0	0.000000E+0
5.115616E+3	1.128800E-7	1.305790E+4	0.000000E+0	0.000000E+0
5.119626E+3	1.128390E-7	1.305780E+4	0.000000E+0	0.000000E+0
5.123601E+3	1.128190E-7	1.305760E+4	0.000000E+0	0.000000E+0
5.127616E+3	1.127900E-7	1.305760E+4	0.000000E+0	0.000000E+0
5.131619E+3	1.128350E-7	1.305760E+4	0.000000E+0	0.000000E+0
5.135619E+3	1.128560E-7	1.305740E+4	0.000000E+0	0.000000E+0
5.139623E+3	1.128470E-7	1.305730E+4	0.000000E+0	0.000000E+0
5.143621E+3	1.128750E-7	1.305750E+4	0.000000E+0	0.000000E+0
5.147618E+3	1.128930E-7	1.305750E+4	0.000000E+0	0.000000E+0
5.151620E+3	1.128540E-7	1.305750E+4	0.000000E+0	0.000000E+0
5.155624E+3	1.128030E-7	1.305830E+4	0.000000E+0	0.000000E+0
5.159620E+3	1.128720E-7	1.306020E+4	0.000000E+0	0.000000E+0
5.163618E+3	1.128200E-7	1.306060E+4	0.000000E+0	0.000000E+0
5.167618E+3	1.128490E-7	1.306060E+4	0.000000E+0	0.000000E+0
5.171622E+3	1.128400E-7	1.306020E+4	0.000000E+0	0.000000E+0
5.175622E+3	1.128060E-7	1.305990E+4	0.000000E+0	0.000000E+0
5.179621E+3	1.127900E-7	1.305950E+4	0.000000E+0	0.000000E+0
5.183618E+3	1.128770E-7	1.305910E+4	0.000000E+0	0.000000E+0
5.187619E+3	1.128210E-7	1.305870E+4	0.000000E+0	0.000000E+0
5.191618E+3	1.128200E-7	1.305910E+4	0.000000E+0	0.000000E+0
5.195623E+3	1.128720E-7	1.305950E+4	0.000000E+0	0.000000E+0
5.199618E+3	1.128460E-7	1.305950E+4	0.000000E+0	0.000000E+0
5.203619E+3	1.128080E-7	1.305970E+4	0.000000E+0	0.000000E+0
5.207616E+3	1.128390E-7	1.305970E+4	0.000000E+0	0.000000E+0
5.211623E+3	1.128690E-7	1.305980E+4	0.000000E+0	0.000000E+0
5.215617E+3	1.128680E-7	1.305990E+4	0.000000E+0	0.000000E+0
5.219623E+3	1.128680E-7	1.306030E+4	0.000000E+0	0.000000E+0
5.223617E+3	1.128820E-7	1.306100E+4	0.000000E+0	0.000000E+0
5.227628E+3	1.128760E-7	1.306140E+4	0.000000E+0	0.000000E+0
5.231623E+3	1.128640E-7	1.306110E+4	0.000000E+0	0.000000E+0
5.235621E+3	1.128720E-7	1.306070E+4	0.000000E+0	0.000000E+0
5.239619E+3	1.128740E-7	1.306020E+4	0.000000E+0	0.000000E+0
5.243620E+3	1.128800E-7	1.305980E+4	0.000000E+0	0.000000E+0
5.247621E+3	1.127950E-7	1.305950E+4	0.000000E+0	0.000000E+0
5.251624E+3	1.128180E-7	1.305900E+4	0.000000E+0	0.000000E+0
5.255602E+3	1.128450E-7	1.305860E+4	0.000000E+0	0.000000E+0
5.259617E+3	1.129020E-7	1.305830E+4	0.000000E+0	0.000000E+0
5.263622E+3	1.128620E-7	1.305810E+4	0.000000E+0	0.000000E+0
5.267622E+3	1.127910E-7	1.305780E+4	0.000000E+0	0.000000E+0
5.271616E+3	1.128730E-7	1.305760E+4	0.000000E+0	0.000000E+0
5.275620E+3	1.128840E-7	1.305750E+4	0.000000E+0	0.000000E+0
5.279619E+3	1.128600E-7	1.305710E+4	0.000000E+0	0.000000E+0
5.283614E+3	1.128420E-7	1.305690E+4	0.000000E+0	0.000000E+0
5.287623E+3	1.128710E-7	1.305680E+4	0.000000E+0	0.000000E+0
5.291618E+3	1.128850E-7	1.305670E+4	0.000000E+0	0.000000E+0
5.295625E+3	1.128900E-7	1.305650E+4	0.000000E+0	0.000000E+0
5.299621E+3	1.127980E-7	1.305650E+4	0.000000E+0	0.000000E+0
5.303620E+3	1.128230E-7	1.305660E+4	0.000000E+0	0.000000E+0
5.307619E+3	1.128700E-7	1.305680E+4	0.000000E+0	0.000000E+0
5.311619E+3	1.128970E-7	1.305750E+4	0.000000E+0	0.000000E+0
5.315617E+3	1.128900E-7	1.305800E+4	0.000000E+0	0.000000E+0
5.319621E+3	1.128930E-7	1.305810E+4	0.000000E+0	0.000000E+0
5.323619E+3	1.128670E-7	1.305800E+4	0.000000E+0	0.000000E+0
5.327619E+3	1.129180E-7	1.305790E+4	0.000000E+0	0.000000E+0
5.331617E+3	1.129140E-7	1.305800E+4	0.000000E+0	0.000000E+0
5.335621E+3	1.128480E-7	1.305780E+4	0.000000E+0	0.000000E+0
5.339618E+3	1.128460E-7	1.305780E+4	0.000000E+0	0.000000E+0
5.343622E+3	1.128740E-7	1.305780E+4	0.000000E+0	0.000000E+0
5.347620E+3	1.128740E-7	1.305810E+4	0.000000E+0	0.000000E+0
5.351621E+3	1.128490E-7	1.305850E+4	0.000000E+0	0.000000E+0
5.355621E+3	1.128740E-7	1.305860E+4	0.000000E+0	0.000000E+0
5.359621E+3	1.129310E-7	1.305870E+4	0.000000E+0	0.000000E+0
5.363618E+3	1.128140E-7	1.305840E+4	0.000000E+0	0.000000E+0
5.367620E+3	1.128570E-7	1.305820E+4	0.000000E+0	0.000000E+0
5.371622E+3	1.128110E-7	1.305780E+4	0.000000E+0	0.000000E+0
5.375619E+3	1.128490E-7	1.305770E+4	0.000000E+0	0.000000E+0
5.379616E+3	1.128750E-7	1.305740E+4	0.000000E+0	0.000000E+0
5.383623E+3	1.128570E-7	1.305730E+4	0.000000E+0	0.000000E+0
5.387621E+3	1.135420E-7	1.305720E+4	0.000000E+0	0.000000E+0
5.391619E+3	1.128970E-7	1.305730E+4	0.000000E+0	0.000000E+0
5.395616E+3	1.129090E-7	1.305750E+4	0.000000E+0	0.000000E+0
5.399620E+3	1.128510E-7	1.305780E+4	0.000000E+0	0.000000E+0
5.403616E+3	1.128590E-7	1.305800E+4	0.000000E+0	0.000000E+0
5.407621E+3	1.129300E-7	1.305830E+4	0.000000E+0	0.000000E+0
5.411620E+3	1.128360E-7	1.305850E+4	0.000000E+0	0.000000E+0
5.415621E+3	1.128630E-7	1.305870E+4	0.000000E+0	0.000000E+0
5.419623E+3	1.129510E-7	1.305920E+4	0.000000E+0	0.000000E+0
5.423621E+3	1.128650E-7	1.305990E+4	0.000000E+0	0.000000E+0
5.427619E+3	1.128690E-7	1.306070E+4	0.000000E+0	0.000000E+0
5.431620E+3	1.128530E-7	1.306100E+4	0.000000E+0	0.000000E+0
5.435620E+3	1.129420E-7	1.306100E+4	0.000000E+0	0.000000E+0
5.439625E+3	1.129070E-7	1.306070E+4	0.000000E+0	0.000000E+0
5.443618E+3	1.129080E-7	1.306010E+4	0.000000E+0	0.000000E+0
5.447621E+3	1.129320E-7	1.305970E+4	0.000000E+0	0.000000E+0
5.451621E+3	1.128670E-7	1.305940E+4	0.000000E+0	0.000000E+0
5.455620E+3	1.128600E-7	1.305970E+4	0.000000E+0	0.000000E+0
5.459620E+3	1.129280E-7	1.306070E+4	0.000000E+0	0.000000E+0
5.463621E+3	1.128990E-7	1.306180E+4	0.000000E+0	0.000000E+0
5.467621E+3	1.128740E-7	1.306210E+4	0.000000E+0	0.000000E+0
5.471621E+3	1.129090E-7	1.306240E+4	0.000000E+0	0.000000E+0
5.475619E+3	1.129310E-7	1.306290E+4	0.000000E+0	0.000000E+0
5.479620E+3	1.128450E-7	1.306320E+4	0.000000E+0	0.000000E+0
5.483621E+3	1.128980E-7	1.306350E+4	0.000000E+0	0.000000E+0
5.487621E+3	1.129350E-7	1.306310E+4	0.000000E+0	0.000000E+0
5.491619E+3	1.129310E-7	1.306260E+4	0.000000E+0	0.000000E+0
5.495623E+3	1.129340E-7	1.306200E+4	0.000000E+0	0.000000E+0
5.499620E+3	1.129280E-7	1.306140E+4	0.000000E+0	0.000000E+0
5.503621E+3	1.128690E-7	1.306080E+4	0.000000E+0	0.000000E+0
5.507620E+3	1.129250E-7	1.306040E+4	0.000000E+0	0.000000E+0
5.511621E+3	1.128830E-7	1.305990E+4	0.000000E+0	0.000000E+0
5.515616E+3	1.129520E-7	1.305980E+4	0.000000E+0	0.000000E+0
5.519624E+3	1.129380E-7	1.306050E+4	0.000000E+0	0.000000E+0
5.523620E+3	1.129670E-7	1.306100E+4	0.000000E+0	0.000000E+0
5.527627E+3	1.128770E-7	1.306130E+4	0.000000E+0	0.000000E+0
5.531602E+3	1.129730E-7	1.306190E+4	0.000000E+0	0.000000E+0
5.535614E+3	1.129740E-7	1.306190E+4	0.000000E+0	0.000000E+0
5.539625E+3	1.129620E-7	1.306180E+4	0.000000E+0	0.000000E+0
5.543621E+3	1.129840E-7	1.306170E+4	0.000000E+0	0.000000E+0
5.547624E+3	1.129930E-7	1.306160E+4	0.000000E+0	0.000000E+0
5.551618E+3	1.129230E-7	1.306160E+4	0.000000E+0	0.000000E+0
5.555621E+3	1.130100E-7	1.306150E+4	0.000000E+0	0.000000E+0
5.559618E+3	1.129770E-7	1.306170E+4	0.000000E+0	0.000000E+0
5.563617E+3	1.129570E-7	1.306220E+4	0.000000E+0	0.000000E+0
5.567622E+3	1.129710E-7	1.306330E+4	0.000000E+0	0.000000E+0
5.571621E+3	1.129900E-7	1.306390E+4	0.000000E+0	0.000000E+0
5.575619E+3	1.129480E-7	1.306520E+4	0.000000E+0	0.000000E+0
5.579621E+3	1.129470E-7	1.306550E+4	0.000000E+0	0.000000E+0
5.583621E+3	1.129180E-7	1.306510E+4	0.000000E+0	0.000000E+0
5.587621E+3	1.129270E-7	1.306430E+4	0.000000E+0	0.000000E+0
5.591619E+3	1.129960E-7	1.306360E+4	0.000000E+0	0.000000E+0
5.595621E+3	1.129140E-7	1.306290E+4	0.000000E+0	0.000000E+0
5.599619E+3	1.129220E-7	1.306220E+4	0.000000E+0	0.000000E+0
5.603619E+3	1.129560E-7	1.306160E+4	0.000000E+0	0.000000E+0
5.607617E+3	1.128900E-7	1.306110E+4	0.000000E+0	0.000000E+0
5.611625E+3	1.129410E-7	1.306090E+4	0.000000E+0	0.000000E+0
5.615621E+3	1.129740E-7	1.306130E+4	0.000000E+0	0.000000E+0
5.619621E+3	1.128820E-7	1.306150E+4	0.000000E+0	0.000000E+0
5.623618E+3	1.129050E-7	1.306130E+4	0.000000E+0	0.000000E+0
5.627621E+3	1.128590E-7	1.306110E+4	0.000000E+0	0.000000E+0
5.631622E+3	1.129080E-7	1.306110E+4	0.000000E+0	0.000000E+0
5.635621E+3	1.128340E-7	1.306160E+4	0.000000E+0	0.000000E+0
5.639617E+3	1.128720E-7	1.306200E+4	0.000000E+0	0.000000E+0
5.643625E+3	1.128250E-7	1.306200E+4	0.000000E+0	0.000000E+0
5.647621E+3	1.128960E-7	1.306160E+4	0.000000E+0	0.000000E+0
5.651621E+3	1.128820E-7	1.306140E+4	0.000000E+0	0.000000E+0
5.655619E+3	1.129110E-7	1.306100E+4	0.000000E+0	0.000000E+0
5.659619E+3	1.128740E-7	1.306090E+4	0.000000E+0	0.000000E+0
5.663616E+3	1.129240E-7	1.306100E+4	0.000000E+0	0.000000E+0
5.667623E+3	1.129390E-7	1.306080E+4	0.000000E+0	0.000000E+0
5.671619E+3	1.128630E-7	1.306100E+4	0.000000E+0	0.000000E+0
5.675619E+3	1.128670E-7	1.306120E+4	0.000000E+0	0.000000E+0
5.679617E+3	1.128640E-7	1.306080E+4	0.000000E+0	0.000000E+0
5.683630E+3	1.128340E-7	1.306050E+4	0.000000E+0	0.000000E+0
5.687626E+3	1.135770E-7	1.306030E+4	0.000000E+0	0.000000E+0
5.691620E+3	1.128590E-7	1.306010E+4	0.000000E+0	0.000000E+0
5.695617E+3	1.128700E-7	1.305990E+4	0.000000E+0	0.000000E+0
5.699621E+3	1.129160E-7	1.305950E+4	0.000000E+0	0.000000E+0
5.703624E+3	1.128890E-7	1.305920E+4	0.000000E+0	0.000000E+0
5.707619E+3	1.128930E-7	1.305890E+4	0.000000E+0	0.000000E+0
5.711617E+3	1.129560E-7	1.305890E+4	0.000000E+0	0.000000E+0
5.715621E+3	1.128850E-7	1.305940E+4	0.000000E+0	0.000000E+0
5.719622E+3	1.128890E-7	1.305940E+4	0.000000E+0	0.000000E+0
5.723622E+3	1.129070E-7	1.305930E+4	0.000000E+0	0.000000E+0
5.727615E+3	1.128570E-7	1.305910E+4	0.000000E+0	0.000000E+0
5.731622E+3	1.129270E-7	1.305880E+4	0.000000E+0	0.000000E+0
5.735620E+3	1.128920E-7	1.305870E+4	0.000000E+0	0.000000E+0
5.739621E+3	1.128560E-7	1.305840E+4	0.000000E+0	0.000000E+0
5.743620E+3	1.128870E-7	1.305820E+4	0.000000E+0	0.000000E+0
5.747618E+3	1.128640E-7	1.305800E+4	0.000000E+0	0.000000E+0
5.751621E+3	1.129340E-7	1.305790E+4	0.000000E+0	0.000000E+0
5.755622E+3	1.128540E-7	1.305770E+4	0.000000E+0	0.000000E+0
5.759621E+3	1.129150E-7	1.305750E+4	0.000000E+0	0.000000E+0
5.763621E+3	1.128590E-7	1.305740E+4	0.000000E+0	0.000000E+0
5.767617E+3	1.128940E-7	1.305730E+4	0.000000E+0	0.000000E+0
5.771624E+3	1.129130E-7	1.305720E+4	0.000000E+0	0.000000E+0
5.775619E+3	1.129130E-7	1.305710E+4	0.000000E+0	0.000000E+0
5.779621E+3	1.129420E-7	1.305700E+4	0.000000E+0	0.000000E+0
5.783617E+3	1.129230E-7	1.305780E+4	0.000000E+0	0.000000E+0
5.787621E+3	1.128590E-7	1.305830E+4	0.000000E+0	0.000000E+0
5.791620E+3	1.128820E-7	1.305850E+4	0.000000E+0	0.000000E+0
5.795617E+3	1.129110E-7	1.305870E+4	0.000000E+0	0.000000E+0
5.799617E+3	1.128610E-7	1.305870E+4	0.000000E+0	0.000000E+0
5.803617E+3	1.128440E-7	1.305870E+4	0.000000E+0	0.000000E+0
5.807621E+3	1.128940E-7	1.305870E+4	0.000000E+0	0.000000E+0
5.811624E+3	1.129180E-7	1.305860E+4	0.000000E+0	0.000000E+0
5.815618E+3	1.128930E-7	1.305850E+4	0.000000E+0	0.000000E+0
5.819622E+3	1.128620E-7	1.305830E+4	0.000000E+0	0.000000E+0
5.823617E+3	1.129180E-7	1.305820E+4	0.000000E+0	0.000000E+0
5.827623E+3	1.128940E-7	1.305800E+4	0.000000E+0	0.000000E+0
5.831618E+3	1.129260E-7	1.305790E+4	0.000000E+0	0.000000E+0
5.835621E+3	1.128850E-7	1.305780E+4	0.000000E+0	0.000000E+0
5.839619E+3	1.128810E-7	1.305770E+4	0.000000E+0	0.000000E+0
5.843620E+3	1.128490E-7	1.305760E+4	0.000000E+0	0.000000E+0
5.847621E+3	1.129230E-7	1.305750E+4	0.000000E+0	0.000000E+0
5.851619E+3	1.129220E-7	1.305790E+4	0.000000E+0	0.000000E+0
5.855618E+3	1.129090E-7	1.305900E+4	0.000000E+0	0.000000E+0
5.859620E+3	1.128830E-7	1.305950E+4	0.000000E+0	0.000000E+0
5.863621E+3	1.128720E-7	1.305980E+4	0.000000E+0	0.000000E+0
5.867619E+3	1.129640E-7	1.306010E+4	0.000000E+0	0.000000E+0
5.871617E+3	1.128770E-7	1.306070E+4	0.000000E+0	0.000000E+0
5.875621E+3	1.129380E-7	1.306090E+4	0.000000E+0	0.000000E+0
5.879619E+3	1.129120E-7	1.306110E+4	0.000000E+0	0.000000E+0
5.883621E+3	1.128890E-7	1.306100E+4	0.000000E+0	0.000000E+0
5.887617E+3	1.129550E-7	1.306080E+4	0.000000E+0	0.000000E+0
5.891621E+3	1.129470E-7	1.306050E+4	0.000000E+0	0.000000E+0
5.895621E+3	1.129030E-7	1.306050E+4	0.000000E+0	0.000000E+0
5.899621E+3	1.128610E-7	1.306060E+4	0.000000E+0	0.000000E+0
5.903618E+3	1.128880E-7	1.306040E+4	0.000000E+0	0.000000E+0
5.907621E+3	1.128180E-7	1.306020E+4	0.000000E+0	0.000000E+0
5.911613E+3	1.129220E-7	1.306140E+4	0.000000E+0	0.000000E+0
5.915624E+3	1.128250E-7	1.306250E+4	0.000000E+0	0.000000E+0
5.919605E+3	1.128350E-7	1.306300E+4	0.000000E+0	0.000000E+0
5.923617E+3	1.128830E-7	1.306290E+4	0.000000E+0	0.000000E+0
5.927623E+3	1.127580E-7	1.306250E+4	0.000000E+0	0.000000E+0
5.931619E+3	1.127910E-7	1.306210E+4	0.000000E+0	0.000000E+0
5.935616E+3	1.128550E-7	1.306240E+4	0.000000E+0	0.000000E+0
5.939621E+3	1.127900E-7	1.306280E+4	0.000000E+0	0.000000E+0
5.943623E+3	1.127890E-7	1.306330E+4	0.000000E+0	0.000000E+0
5.947621E+3	1.128040E-7	1.306320E+4	0.000000E+0	0.000000E+0
5.951621E+3	1.127640E-7	1.306380E+4	0.000000E+0	0.000000E+0
5.955621E+3	1.127990E-7	1.306460E+4	0.000000E+0	0.000000E+0
5.959624E+3	1.128030E-7	1.306450E+4	0.000000E+0	0.000000E+0
5.963619E+3	1.127810E-7	1.306400E+4	0.000000E+0	0.000000E+0
5.967621E+3	1.128570E-7	1.306350E+4	0.000000E+0	0.000000E+0
5.971620E+3	1.128340E-7	1.306310E+4	0.000000E+0	0.000000E+0
5.975621E+3	1.127780E-7	1.306250E+4	0.000000E+0	0.000000E+0
5.979627E+3	1.128090E-7	1.306210E+4	0.000000E+0	0.000000E+0
5.983599E+3	1.128140E-7	1.306170E+4	0.000000E+0	0.000000E+0
5.987627E+3	1.133590E-7	1.306170E+4	0.000000E+0	0.000000E+0
5.991618E+3	1.127980E-7	1.306180E+4	0.000000E+0	0.000000E+0
5.995621E+3	1.128490E-7	1.306190E+4	0.000000E+0	0.000000E+0
5.999618E+3	1.128590E-7	1.306230E+4	0.000000E+0	0.000000E+0
6.003620E+3	1.128320E-7	1.306220E+4	0.000000E+0	0.000000E+0
6.007620E+3	1.128330E-7	1.306180E+4	0.000000E+0	0.000000E+0
6.011626E+3	1.128480E-7	1.306140E+4	0.000000E+0	0.000000E+0
6.015621E+3	1.127680E-7	1.306130E+4	0.000000E+0	0.000000E+0
6.019620E+3	1.128130E-7	1.306100E+4	0.000000E+0	0.000000E+0
6.023618E+3	1.128030E-7	1.306090E+4	0.000000E+0	0.000000E+0
6.027631E+3	1.127670E-7	1.306080E+4	0.000000E+0	0.000000E+0
6.031618E+3	1.127730E-7	1.306050E+4	0.000000E+0	0.000000E+0
6.035621E+3	1.128230E-7	1.306060E+4	0.000000E+0	0.000000E+0
6.039619E+3	1.128370E-7	1.306110E+4	0.000000E+0	0.000000E+0
6.043623E+3	1.128430E-7	1.306120E+4	0.000000E+0	0.000000E+0
6.047618E+3	1.127930E-7	1.306140E+4	0.000000E+0	0.000000E+0
6.051623E+3	1.128030E-7	1.306140E+4	0.000000E+0	0.000000E+0
6.055616E+3	1.127510E-7	1.306130E+4	0.000000E+0	0.000000E+0
6.059618E+3	1.128500E-7	1.306140E+4	0.000000E+0	0.000000E+0
6.063614E+3	1.127500E-7	1.306190E+4	0.000000E+0	0.000000E+0
6.067620E+3	1.128530E-7	1.306190E+4	0.000000E+0	0.000000E+0
6.071611E+3	1.127840E-7	1.306160E+4	0.000000E+0	0.000000E+0
6.075622E+3	1.128250E-7	1.306130E+4	0.000000E+0	0.000000E+0
6.079621E+3	1.127960E-7	1.306100E+4	0.000000E+0	0.000000E+0
6.083620E+3	1.128440E-7	1.306070E+4	0.000000E+0	0.000000E+0
6.087617E+3	1.128470E-7	1.306150E+4	0.000000E+0	0.000000E+0
6.091625E+3	1.128170E-7	1.306190E+4	0.000000E+0	0.000000E+0
6.095624E+3	1.128460E-7	1.306190E+4	0.000000E+0	0.000000E+0
6.099622E+3	1.128820E-7	1.306150E+4	0.000000E+0	0.000000E+0
6.103620E+3	1.127950E-7	1.306130E+4	0.000000E+0	0.000000E+0
6.107622E+3	1.127880E-7	1.306150E+4	0.000000E+0	0.000000E+0
6.111620E+3	1.128070E-7	1.306150E+4	0.000000E+0	0.000000E+0
6.115620E+3	1.127940E-7	1.306140E+4	0.000000E+0	0.000000E+0
6.119615E+3	1.127920E-7	1.306110E+4	0.000000E+0	0.000000E+0
6.123622E+3	1.128040E-7	1.306100E+4	0.000000E+0	0.000000E+0
6.127619E+3	1.128500E-7	1.306080E+4	0.000000E+0	0.000000E+0
6.131619E+3	1.128710E-7	1.306040E+4	0.000000E+0	0.000000E+0
6.135616E+3	1.127510E-7	1.306040E+4	0.000000E+0	0.000000E+0
6.139619E+3	1.128150E-7	1.306070E+4	0.000000E+0	0.000000E+0
6.143619E+3	1.128190E-7	1.306120E+4	0.000000E+0	0.000000E+0
6.147619E+3	1.127370E-7	1.306140E+4	0.000000E+0	0.000000E+0
6.151616E+3	1.128480E-7	1.306130E+4	0.000000E+0	0.000000E+0
6.155621E+3	1.127730E-7	1.306160E+4	0.000000E+0	0.000000E+0
6.159617E+3	1.127600E-7	1.306190E+4	0.000000E+0	0.000000E+0
6.163616E+3	1.129380E-7	1.306170E+4	0.000000E+0	0.000000E+0
6.167614E+3	1.128240E-7	1.306150E+4	0.000000E+0	0.000000E+0
6.171625E+3	1.128310E-7	1.306120E+4	0.000000E+0	0.000000E+0
6.175619E+3	1.128230E-7	1.306120E+4	0.000000E+0	0.000000E+0
6.179618E+3	1.127910E-7	1.306110E+4	0.000000E+0	0.000000E+0
6.183615E+3	1.128520E-7	1.306070E+4	0.000000E+0	0.000000E+0
6.187622E+3	1.129060E-7	1.306040E+4	0.000000E+0	0.000000E+0
6.191620E+3	1.127710E-7	1.306030E+4	0.000000E+0	0.000000E+0
6.195620E+3	1.128120E-7	1.306060E+4	0.000000E+0	0.000000E+0
6.199620E+3	1.128630E-7	1.306090E+4	0.000000E+0	0.000000E+0
6.203627E+3	1.128840E-7	1.306080E+4	0.000000E+0	0.000000E+0
6.207616E+3	1.128580E-7	1.306090E+4	0.000000E+0	0.000000E+0
6.211619E+3	1.128000E-7	1.306120E+4	0.000000E+0	0.000000E+0
6.215618E+3	1.127910E-7	1.306110E+4	0.000000E+0	0.000000E+0
6.219621E+3	1.128460E-7	1.306100E+4	0.000000E+0	0.000000E+0
6.223616E+3	1.129490E-7	1.306060E+4	0.000000E+0	0.000000E+0
6.227621E+3	1.128520E-7	1.306020E+4	0.000000E+0	0.000000E+0
6.231616E+3	1.128700E-7	1.305990E+4	0.000000E+0	0.000000E+0
6.235625E+3	1.128380E-7	1.305960E+4	0.000000E+0	0.000000E+0
6.239619E+3	1.129380E-7	1.305970E+4	0.000000E+0	0.000000E+0
6.243619E+3	1.128460E-7	1.305980E+4	0.000000E+0	0.000000E+0
6.247617E+3	1.128170E-7	1.305970E+4	0.000000E+0	0.000000E+0
6.251620E+3	1.129110E-7	1.305960E+4	0.000000E+0	0.000000E+0
6.255617E+3	1.128960E-7	1.305910E+4	0.000000E+0	0.000000E+0
6.259617E+3	1.128880E-7	1.305930E+4	0.000000E+0	0.000000E+0
6.263615E+3	1.127830E-7	1.305920E+4	0.000000E+0	0.000000E+0
6.267622E+3	1.127740E-7	1.305910E+4	0.000000E+0	0.000000E+0
6.271614E+3	1.128030E-7	1.305910E+4	0.000000E+0	0.000000E+0
6.275618E+3	1.127790E-7	1.305890E+4	0.000000E+0	0.000000E+0
6.279617E+3	1.128530E-7	1.305870E+4	0.000000E+0	0.000000E+0
6.283620E+3	1.128080E-7	1.305860E+4	0.000000E+0	0.000000E+0
6.287620E+3	1.135100E-7	1.305860E+4	0.000000E+0	0.000000E+0
6.291620E+3	1.128430E-7	1.305860E+4	0.000000E+0	0.000000E+0
6.295618E+3	1.128440E-7	1.305850E+4	0.000000E+0	0.000000E+0
6.299620E+3	1.128480E-7	1.305830E+4	0.000000E+0	0.000000E+0
6.303618E+3	1.127850E-7	1.305800E+4	0.000000E+0	0.000000E+0
6.307616E+3	1.128060E-7	1.305790E+4	0.000000E+0	0.000000E+0
