
Medición hecha el 2026-07-16  04:09 p.m.
Medición capacidad-Tensión
V (V)	C(F)	gm

10.000000	1.999900E+20	0.000000	0.000000	0.000000
10.110000	1.999900E+20	0.000000	0.000000	0.000000
10.221210	1.999900E+20	0.000000	0.000000	0.000000
10.333643	1.999900E+20	0.000000	0.000000	0.000000
10.447313	1.999900E+20	0.000000	0.000000	0.000000
10.562234	1.999900E+20	0.000000	0.000000	0.000000
10.678418	1.999900E+20	0.000000	0.000000	0.000000
10.795881	1.999900E+20	0.000000	0.000000	0.000000
10.914636	1.999900E+20	0.000000	0.000000	0.000000
11.034697	1.999900E+20	0.000000	0.000000	0.000000
11.156078	1.999900E+20	0.000000	0.000000	0.000000
11.278795	1.999900E+20	0.000000	0.000000	0.000000
11.402862	1.999900E+20	0.000000	0.000000	0.000000
11.528293	1.999900E+20	0.000000	0.000000	0.000000
11.655105	1.999900E+20	0.000000	0.000000	0.000000
11.783311	1.999900E+20	0.000000	0.000000	0.000000
11.912927	1.999900E+20	0.000000	0.000000	0.000000
12.043969	1.999900E+20	0.000000	0.000000	0.000000
12.176453	1.999900E+20	0.000000	0.000000	0.000000
12.310394	1.999900E+20	0.000000	0.000000	0.000000
12.445808	1.999900E+20	0.000000	0.000000	0.000000
12.582712	1.999900E+20	0.000000	0.000000	0.000000
12.721122	1.999900E+20	0.000000	0.000000	0.000000
12.861054	1.999900E+20	0.000000	0.000000	0.000000
13.002526	1995000.000000	-77.600000	0.000000	0.000000
13.145554	1983000.000000	-77.600000	0.000000	0.000000
13.290155	1958000.000000	-77.700000	0.000000	0.000000
13.436347	1944000.000000	-77.700000	0.000000	0.000000
13.584146	1919000.000000	-77.700000	0.000000	0.000000
13.733572	1907000.000000	-77.800000	0.000000	0.000000
13.884641	1883000.000000	-77.800000	0.000000	0.000000
14.037372	1871000.000000	-77.800000	0.000000	0.000000
14.191784	1848000.000000	-77.900000	0.000000	0.000000
14.347893	1836000.000000	-77.900000	0.000000	0.000000
14.505720	1816000.000000	-77.900000	0.000000	0.000000
14.665283	1794000.000000	-78.000000	0.000000	0.000000
14.826601	1783000.000000	-78.000000	0.000000	0.000000
14.989694	1762000.000000	-78.000000	0.000000	0.000000
15.154580	1741000.000000	-78.100000	0.000000	0.000000
15.321281	1732000.000000	-78.100000	0.000000	0.000000
15.489815	1712000.000000	-78.200000	0.000000	0.000000
15.660203	1694000.000000	-78.200000	0.000000	0.000000
15.832465	1685000.000000	-78.200000	0.000000	0.000000
16.006622	1665000.000000	-78.200000	0.000000	0.000000
16.182695	1648000.000000	-78.300000	0.000000	0.000000
16.360705	1630000.000000	-78.300000	0.000000	0.000000
16.540672	1621000.000000	-78.400000	0.000000	0.000000
16.722620	1605000.000000	-78.400000	0.000000	0.000000
16.906568	1588000.000000	-78.400000	0.000000	0.000000
17.092541	1572000.000000	-78.500000	0.000000	0.000000
17.280559	1555000.000000	-78.400000	0.000000	0.000000
17.470645	1539000.000000	-78.600000	0.000000	0.000000
17.662822	1525000.000000	-78.600000	0.000000	0.000000
17.857113	1510000.000000	-78.700000	0.000000	0.000000
18.053541	1495000.000000	-78.700000	0.000000	0.000000
18.252130	1480000.000000	-78.700000	0.000000	0.000000
18.452904	1467000.000000	-78.700000	0.000000	0.000000
18.655886	1454000.000000	-78.800000	0.000000	0.000000
18.861100	1439000.000000	-78.800000	0.000000	0.000000
19.068572	1426000.000000	-78.800000	0.000000	0.000000
19.278327	1414000.000000	-78.900000	0.000000	0.000000
19.490388	1401000.000000	-78.900000	0.000000	0.000000
19.704783	1389000.000000	-79.000000	0.000000	0.000000
19.921535	1376000.000000	-79.000000	0.000000	0.000000
20.140672	1370000.000000	-79.000000	0.000000	0.000000
20.362219	1346000.000000	-79.200000	0.000000	0.000000
20.586204	1336000.000000	-79.300000	0.000000	0.000000
20.812652	1325000.000000	-79.300000	0.000000	0.000000
21.041591	1314000.000000	-79.400000	0.000000	0.000000
21.273049	1304000.000000	-79.400000	0.000000	0.000000
21.507052	1291000.000000	-79.400000	0.000000	0.000000
21.743630	1282000.000000	-79.400000	0.000000	0.000000
21.982810	1261000.000000	-79.400000	0.000000	0.000000
22.224621	1251000.000000	-79.400000	0.000000	0.000000
22.469092	1242000.000000	-79.500000	0.000000	0.000000
22.716252	1232000.000000	-79.500000	0.000000	0.000000
22.966130	1213000.000000	-79.600000	0.000000	0.000000
23.218758	1203000.000000	-79.600000	0.000000	0.000000
23.474164	1194000.000000	-79.600000	0.000000	0.000000
23.732380	1185000.000000	-79.700000	0.000000	0.000000
23.993436	1167000.000000	-79.600000	0.000000	0.000000
24.257364	1159000.000000	-79.700000	0.000000	0.000000
24.524195	1151000.000000	-79.700000	0.000000	0.000000
24.793961	1134000.000000	-79.700000	0.000000	0.000000
25.066695	1126000.000000	-79.900000	0.000000	0.000000
25.342428	1119000.000000	-79.800000	0.000000	0.000000
25.621195	1103000.000000	-79.900000	0.000000	0.000000
25.903028	1095000.000000	-79.900000	0.000000	0.000000
26.187961	1080000.000000	-80.000000	0.000000	0.000000
26.476029	1072000.000000	-80.100000	0.000000	0.000000
26.767265	1059000.000000	-80.100000	0.000000	0.000000
27.061705	1051000.000000	-80.100000	0.000000	0.000000
27.359384	1039000.000000	-80.100000	0.000000	0.000000
27.660337	1032000.000000	-80.100000	0.000000	0.000000
27.964601	1018000.000000	-80.200000	0.000000	0.000000
28.272212	1013000.000000	-80.200000	0.000000	0.000000
28.583206	1000000.000000	-80.300000	0.000000	0.000000
28.897621	993000.000000	-80.200000	0.000000	0.000000
29.215495	981000.000000	-80.300000	0.000000	0.000000
29.536865	976000.000000	-80.400000	0.000000	0.000000
29.861771	964000.000000	-80.400000	0.000000	0.000000
30.190250	953000.000000	-80.500000	0.000000	0.000000
30.522343	946000.000000	-80.500000	0.000000	0.000000
30.858089	936000.000000	-80.600000	0.000000	0.000000
31.197528	925000.000000	-80.600000	0.000000	0.000000
31.540701	920000.000000	-80.600000	0.000000	0.000000
31.887648	910000.000000	-80.700000	0.000000	0.000000
32.238413	900000.000000	-80.700000	0.000000	0.000000
32.593035	890000.000000	-80.700000	0.000000	0.000000
32.951558	880000.000000	-80.800000	0.000000	0.000000
33.314026	876000.000000	-80.800000	0.000000	0.000000
33.680480	867000.000000	-80.900000	0.000000	0.000000
34.050965	858000.000000	-80.900000	0.000000	0.000000
34.425526	848000.000000	-80.900000	0.000000	0.000000
34.804207	840000.000000	-80.900000	0.000000	0.000000
35.187053	831000.000000	-81.000000	0.000000	0.000000
35.574110	823000.000000	-81.000000	0.000000	0.000000
35.965426	815000.000000	-81.100000	0.000000	0.000000
36.361045	807000.000000	-81.100000	0.000000	0.000000
36.761017	799000.000000	-81.200000	0.000000	0.000000
37.165388	792000.000000	-81.200000	0.000000	0.000000
37.574207	784000.000000	-81.200000	0.000000	0.000000
37.987524	776000.000000	-81.300000	0.000000	0.000000
38.405386	769000.000000	-81.300000	0.000000	0.000000
38.827846	763000.000000	-81.400000	0.000000	0.000000
39.254952	756000.000000	-81.400000	0.000000	0.000000
39.686756	749000.000000	-81.400000	0.000000	0.000000
40.123311	743000.000000	-81.400000	0.000000	0.000000
40.564667	732000.000000	-81.500000	0.000000	0.000000
41.010878	726000.000000	-81.500000	0.000000	0.000000
41.461998	720000.000000	-81.600000	0.000000	0.000000
41.918080	714000.000000	-81.600000	0.000000	0.000000
42.379179	705000.000000	-81.700000	0.000000	0.000000
42.845350	699000.000000	-81.700000	0.000000	0.000000
43.316649	693000.000000	-81.700000	0.000000	0.000000
43.793132	684000.000000	-81.800000	0.000000	0.000000
44.274856	679000.000000	-81.900000	0.000000	0.000000
44.761880	671000.000000	-81.900000	0.000000	0.000000
45.254260	666000.000000	-81.950000	0.000000	0.000000
45.752057	658300.000000	-82.020000	0.000000	0.000000
46.255330	652400.000000	-82.070000	0.000000	0.000000
46.764139	645400.000000	-82.110000	0.000000	0.000000
47.278544	640500.000000	-82.190000	0.000000	0.000000
47.798608	633400.000000	-82.260000	0.000000	0.000000
48.324393	628600.000000	-82.260000	0.000000	0.000000
48.855961	621400.000000	-82.350000	0.000000	0.000000
49.393377	615000.000000	-82.430000	0.000000	0.000000
49.936704	610700.000000	-82.450000	0.000000	0.000000
50.486007	603300.000000	-82.580000	0.000000	0.000000
51.041354	597800.000000	-82.610000	0.000000	0.000000
51.602808	592500.000000	-82.700000	0.000000	0.000000
52.170439	587000.000000	-82.720000	0.000000	0.000000
52.744314	582100.000000	-82.780000	0.000000	0.000000
53.324502	577700.000000	-82.890000	0.000000	0.000000
53.911071	572600.000000	-82.950000	0.000000	0.000000
54.504093	563200.000000	-83.110000	0.000000	0.000000
55.103638	558300.000000	-83.160000	0.000000	0.000000
55.709778	553600.000000	-83.210000	0.000000	0.000000
56.322586	546600.000000	-83.430000	0.000000	0.000000
56.942134	544500.000000	-83.360000	0.000000	0.000000
57.568497	535300.000000	-83.520000	0.000000	0.000000
58.201751	531200.000000	-83.550000	0.000000	0.000000
58.841970	526900.000000	-83.640000	0.000000	0.000000
59.489232	518400.000000	-83.770000	0.000000	0.000000
60.143613	514000.000000	-83.860000	0.000000	0.000000
60.805193	509800.000000	-83.910000	0.000000	0.000000
61.474050	501900.000000	-84.020000	0.000000	0.000000
62.150265	497900.000000	-84.130000	0.000000	0.000000
62.833918	493600.000000	-84.170000	0.000000	0.000000
63.525091	485900.000000	-84.310000	0.000000	0.000000
64.223867	482200.000000	-84.380000	0.000000	0.000000
64.930329	478300.000000	-84.420000	0.000000	0.000000
65.644563	471000.000000	-84.520000	0.000000	0.000000
66.366653	467200.000000	-84.570000	0.000000	0.000000
67.096686	460300.000000	-84.570000	0.000000	0.000000
67.834750	457000.000000	-84.680000	0.000000	0.000000
68.580932	449600.000000	-84.730000	0.000000	0.000000
69.335322	446200.000000	-84.780000	0.000000	0.000000
70.098011	439600.000000	-84.880000	0.000000	0.000000
70.869089	436300.000000	-84.850000	0.000000	0.000000
71.648649	429900.000000	-84.890000	0.000000	0.000000
72.436784	427500.000000	-84.890000	0.000000	0.000000
73.233589	420800.000000	-85.000000	0.000000	0.000000
74.039158	414900.000000	-84.970000	0.000000	0.000000
74.853589	412100.000000	-85.020000	0.000000	0.000000
75.676979	406300.000000	-85.050000	0.000000	0.000000
76.509425	400800.000000	-85.070000	0.000000	0.000000
77.351029	398500.000000	-85.090000	0.000000	0.000000
78.201890	392900.000000	-85.100000	0.000000	0.000000
79.062111	387900.000000	-85.080000	0.000000	0.000000
79.931794	385500.000000	-85.070000	0.000000	0.000000
80.811044	380400.000000	-85.110000	0.000000	0.000000
81.699966	375800.000000	-85.140000	0.000000	0.000000
82.598665	371200.000000	-85.150000	0.000000	0.000000
83.507251	366800.000000	-85.150000	0.000000	0.000000
84.425830	364300.000000	-85.120000	0.000000	0.000000
85.354514	360100.000000	-85.140000	0.000000	0.000000
86.293414	355900.000000	-85.140000	0.000000	0.000000
87.242642	351800.000000	-85.140000	0.000000	0.000000
88.202311	347800.000000	-85.100000	0.000000	0.000000
89.172536	344000.000000	-85.140000	0.000000	0.000000
90.153434	340200.000000	-85.100000	0.000000	0.000000
91.145122	336300.000000	-85.100000	0.000000	0.000000
92.147718	332900.000000	-85.080000	0.000000	0.000000
93.161343	329200.000000	-85.070000	0.000000	0.000000
94.186118	325800.000000	-85.040000	0.000000	0.000000
95.222165	322200.000000	-85.050000	0.000000	0.000000
96.269609	319000.000000	-85.040000	0.000000	0.000000
97.328575	315900.000000	-85.050000	0.000000	0.000000
98.399189	312700.000000	-85.030000	0.000000	0.000000
99.481580	308100.000000	-85.010000	0.000000	0.000000
100.575877	306700.000000	-85.000000	0.000000	0.000000
101.682212	303500.000000	-84.980000	0.000000	0.000000
102.800716	300600.000000	-85.020000	0.000000	0.000000
103.931524	297900.000000	-84.950000	0.000000	0.000000
105.074771	292500.000000	-84.970000	0.000000	0.000000
106.230593	289800.000000	-84.950000	0.000000	0.000000
107.399130	287100.000000	-84.930000	0.000000	0.000000
108.580520	284700.000000	-84.960000	0.000000	0.000000
109.774906	282100.000000	-84.930000	0.000000	0.000000
110.982430	277200.000000	-84.920000	0.000000	0.000000
112.203237	275200.000000	-84.940000	0.000000	0.000000
113.437472	272600.000000	-84.930000	0.000000	0.000000
114.685285	270300.000000	-84.920000	0.000000	0.000000
115.946823	268100.000000	-84.920000	0.000000	0.000000
117.222238	263600.000000	-84.880000	0.000000	0.000000
118.511682	261600.000000	-84.860000	0.000000	0.000000
119.815311	259600.000000	-84.900000	0.000000	0.000000
121.133279	255300.000000	-84.910000	0.000000	0.000000
122.465745	253300.000000	-84.890000	0.000000	0.000000
123.812869	251300.000000	-84.890000	0.000000	0.000000
125.174810	247500.000000	-84.900000	0.000000	0.000000
126.551733	245700.000000	-84.880000	0.000000	0.000000
127.943802	243800.000000	-84.910000	0.000000	0.000000
129.351184	240300.000000	-84.900000	0.000000	0.000000
130.774047	238500.000000	-84.860000	0.000000	0.000000
132.212562	235000.000000	-84.900000	0.000000	0.000000
133.666900	233300.000000	-84.900000	0.000000	0.000000
135.137236	230100.000000	-84.880000	0.000000	0.000000
136.623745	228400.000000	-84.870000	0.000000	0.000000
138.126606	225200.000000	-84.860000	0.000000	0.000000
139.645999	223700.000000	-84.930000	0.000000	0.000000
141.182105	220800.000000	-84.900000	0.000000	0.000000
142.735108	219100.000000	-84.900000	0.000000	0.000000
144.305194	216400.000000	-84.950000	0.000000	0.000000
145.892552	214900.000000	-84.970000	0.000000	0.000000
147.497370	212000.000000	-84.930000	0.000000	0.000000
149.119841	209400.000000	-84.930000	0.000000	0.000000
150.760159	208000.000000	-84.910000	0.000000	0.000000
152.418521	205400.000000	-84.940000	0.000000	0.000000
154.095124	202900.000000	-84.950000	0.000000	0.000000
155.790171	201600.000000	-84.950000	0.000000	0.000000
157.503863	199100.000000	-84.960000	0.000000	0.000000
159.236405	196700.000000	-84.980000	0.000000	0.000000
160.988006	194300.000000	-84.980000	0.000000	0.000000
162.758874	193300.000000	-84.960000	0.000000	0.000000
164.549221	190900.000000	-84.950000	0.000000	0.000000
166.359263	188700.000000	-85.000000	0.000000	0.000000
168.189215	186600.000000	-85.000000	0.000000	0.000000
170.039296	184400.000000	-85.000000	0.000000	0.000000
171.909728	183300.000000	-85.010000	0.000000	0.000000
173.800735	181300.000000	-84.980000	0.000000	0.000000
175.712543	179300.000000	-85.020000	0.000000	0.000000
177.645381	177300.000000	-84.990000	0.000000	0.000000
179.599480	175500.000000	-84.990000	0.000000	0.000000
181.575075	173400.000000	-85.040000	0.000000	0.000000
183.572401	171600.000000	-85.050000	0.000000	0.000000
185.591697	169800.000000	-85.060000	0.000000	0.000000
187.633206	168000.000000	-85.040000	0.000000	0.000000
189.697171	166300.000000	-85.030000	0.000000	0.000000
191.783840	164600.000000	-85.060000	0.000000	0.000000
193.893462	163000.000000	-85.060000	0.000000	0.000000
196.026290	160500.000000	-85.060000	0.000000	0.000000
198.182579	158900.000000	-85.030000	0.000000	0.000000
200.362588	157300.000000	-85.030000	0.000000	0.000000
202.566576	155800.000000	-85.130000	0.000000	0.000000
204.794808	154300.000000	-85.060000	0.000000	0.000000
207.047551	152800.000000	-85.120000	0.000000	0.000000
209.325074	151300.000000	-85.080000	0.000000	0.000000
211.627650	149900.000000	-85.110000	0.000000	0.000000
213.955554	147100.000000	-85.110000	0.000000	0.000000
216.309065	145700.000000	-85.120000	0.000000	0.000000
218.688465	144500.000000	-85.080000	0.000000	0.000000
221.094038	143100.000000	-85.110000	0.000000	0.000000
223.526073	141900.000000	-85.090000	0.000000	0.000000
225.984860	139500.000000	-85.100000	0.000000	0.000000
228.470693	138200.000000	-85.000000	0.000000	0.000000
230.983871	136900.000000	-85.100000	0.000000	0.000000
233.524693	135800.000000	-85.100000	0.000000	0.000000
236.093465	133600.000000	-85.100000	0.000000	0.000000
238.690493	132400.000000	-85.000000	0.000000	0.000000
241.316088	131300.000000	-85.000000	0.000000	0.000000
243.970565	129100.000000	-85.000000	0.000000	0.000000
246.654242	128100.000000	-85.000000	0.000000	0.000000
249.367438	127100.000000	-85.000000	0.000000	0.000000
252.110480	125100.000000	-85.000000	0.000000	0.000000
254.883695	124100.000000	-85.000000	0.000000	0.000000
257.687416	123000.000000	-85.000000	0.000000	0.000000
260.521978	121200.000000	-85.000000	0.000000	0.000000
263.387719	120200.000000	-84.900000	0.000000	0.000000
266.284984	118400.000000	-84.900000	0.000000	0.000000
269.214119	117500.000000	-84.900000	0.000000	0.000000
272.175474	115800.000000	-84.900000	0.000000	0.000000
275.169405	114900.000000	-84.900000	0.000000	0.000000
278.196268	113200.000000	-84.800000	0.000000	0.000000
281.256427	112400.000000	-84.800000	0.000000	0.000000
284.350248	110800.000000	-84.800000	0.000000	0.000000
287.478100	110100.000000	-84.800000	0.000000	0.000000
290.640359	108500.000000	-84.700000	0.000000	0.000000
293.837403	107700.000000	-84.700000	0.000000	0.000000
297.069615	106200.000000	-84.700000	0.000000	0.000000
300.337381	104800.000000	-84.700000	0.000000	0.000000
303.641092	104100.000000	-84.600000	0.000000	0.000000
306.981144	102700.000000	-84.600000	0.000000	0.000000
310.357936	101300.000000	-84.600000	0.000000	0.000000
313.771874	100700.000000	-84.600000	0.000000	0.000000
317.223364	99400.000000	-84.500000	0.000000	0.000000
320.712821	98200.000000	-84.400000	0.000000	0.000000
324.240662	96900.000000	-84.400000	0.000000	0.000000
327.807310	96300.000000	-84.400000	0.000000	0.000000
331.413190	95000.000000	-84.300000	0.000000	0.000000
335.058735	93900.000000	-84.300000	0.000000	0.000000
338.744381	92800.000000	-84.300000	0.000000	0.000000
342.470569	91700.000000	-84.200000	0.000000	0.000000
346.237746	90600.000000	-84.200000	0.000000	0.000000
350.046361	89500.000000	-84.100000	0.000000	0.000000
353.896871	89000.000000	-84.100000	0.000000	0.000000
357.789736	88000.000000	-84.100000	0.000000	0.000000
361.725424	86900.000000	-84.000000	0.000000	0.000000
365.704403	85900.000000	-83.900000	0.000000	0.000000
369.727152	85000.000000	-83.900000	0.000000	0.000000
373.794150	84100.000000	-83.800000	0.000000	0.000000
377.905886	83200.000000	-83.800000	0.000000	0.000000
382.062851	81800.000000	-83.700000	0.000000	0.000000
386.265542	80900.000000	-83.600000	0.000000	0.000000
390.514463	80100.000000	-83.500000	0.000000	0.000000
394.810122	79200.000000	-83.500000	0.000000	0.000000
399.153033	78400.000000	-83.400000	0.000000	0.000000
403.543717	77600.000000	-83.400000	0.000000	0.000000
407.982698	76400.000000	-83.200000	0.000000	0.000000
412.470507	75700.000000	-83.100000	0.000000	0.000000
417.007683	74900.000000	-83.100000	0.000000	0.000000
421.594768	74200.000000	-83.000000	0.000000	0.000000
426.232310	73100.000000	-82.900000	0.000000	0.000000
430.920865	72300.000000	-82.800000	0.000000	0.000000
435.660995	71700.000000	-82.700000	0.000000	0.000000
440.453266	70700.000000	-82.600000	0.000000	0.000000
445.298252	70000.000000	-82.500000	0.000000	0.000000
450.196533	68900.000000	-82.400000	0.000000	0.000000
455.148694	68400.000000	-82.200000	0.000000	0.000000
460.155330	67500.000000	-82.100000	0.000000	0.000000
465.217039	66900.000000	-82.000000	0.000000	0.000000
470.334426	66090.000000	-81.820000	0.000000	0.000000
475.508105	65530.000000	-81.740000	0.000000	0.000000
480.738694	64730.000000	-81.560000	0.000000	0.000000
486.026820	63950.000000	-81.360000	0.000000	0.000000
491.373115	63420.000000	-81.250000	0.000000	0.000000
496.778219	62680.000000	-81.090000	0.000000	0.000000
502.242779	62170.000000	-80.990000	0.000000	0.000000
507.767450	61610.000000	-80.850000	0.000000	0.000000
513.352892	61070.000000	-80.780000	0.000000	0.000000
518.999774	60460.000000	-80.620000	0.000000	0.000000
524.708771	59940.000000	-80.500000	0.000000	0.000000
530.480568	58850.000000	-80.260000	0.000000	0.000000
536.315854	58370.000000	-80.090000	0.000000	0.000000
542.215328	57840.000000	-79.960000	0.000000	0.000000
548.179697	57380.000000	-79.870000	0.000000	0.000000
554.209673	56900.000000	-79.740000	0.000000	0.000000
560.305980	55930.000000	-79.490000	0.000000	0.000000
566.469346	55480.000000	-79.360000	0.000000	0.000000
572.700508	55030.000000	-79.220000	0.000000	0.000000
579.000214	54630.000000	-79.070000	0.000000	0.000000
585.369216	53760.000000	-78.860000	0.000000	0.000000
591.808278	53340.000000	-78.730000	0.000000	0.000000
598.318169	52960.000000	-78.630000	0.000000	0.000000
604.899669	52570.000000	-78.530000	0.000000	0.000000
611.553565	51790.000000	-78.290000	0.000000	0.000000
618.280654	51410.000000	-78.160000	0.000000	0.000000
625.081741	50650.000000	-77.920000	0.000000	0.000000
631.957641	50310.000000	-77.790000	0.000000	0.000000
638.909175	49970.000000	-77.680000	0.000000	0.000000
645.937176	49270.000000	-77.440000	0.000000	0.000000
653.042484	48940.000000	-77.340000	0.000000	0.000000
660.225952	48290.000000	-77.090000	0.000000	0.000000
667.488437	47990.000000	-76.980000	0.000000	0.000000
674.830810	47680.000000	-76.900000	0.000000	0.000000
682.253949	47040.000000	-76.650000	0.000000	0.000000
689.758742	46770.000000	-76.540000	0.000000	0.000000
697.346089	46210.000000	-76.300000	0.000000	0.000000
705.016896	45640.000000	-76.090000	0.000000	0.000000
712.772081	45360.000000	-75.960000	0.000000	0.000000
720.612574	44840.000000	-75.750000	0.000000	0.000000
728.539313	44600.000000	-75.660000	0.000000	0.000000
736.553245	44100.000000	-75.450000	0.000000	0.000000
744.655331	43840.000000	-75.360000	0.000000	0.000000
752.846539	43350.000000	-75.170000	0.000000	0.000000
761.127851	42880.000000	-74.910000	0.000000	0.000000
769.500258	42660.000000	-74.790000	0.000000	0.000000
777.964761	42210.000000	-74.580000	0.000000	0.000000
786.522373	41770.000000	-74.400000	0.000000	0.000000
795.174119	41340.000000	-74.200000	0.000000	0.000000
803.921034	41140.000000	-74.090000	0.000000	0.000000
812.764166	40720.000000	-73.880000	0.000000	0.000000
821.704572	40310.000000	-73.640000	0.000000	0.000000
830.743322	39910.000000	-73.440000	0.000000	0.000000
839.881498	39750.000000	-73.370000	0.000000	0.000000
849.120195	39330.000000	-73.110000	0.000000	0.000000
858.460517	39020.000000	-72.960000	0.000000	0.000000
867.903583	38660.000000	-72.780000	0.000000	0.000000
877.450522	38320.000000	-72.570000	0.000000	0.000000
887.102478	37980.000000	-72.390000	0.000000	0.000000
896.860605	37620.000000	-72.150000	0.000000	0.000000
906.726072	37300.000000	-71.960000	0.000000	0.000000
916.700059	36970.000000	-71.760000	0.000000	0.000000
926.783759	36670.000000	-71.550000	0.000000	0.000000
936.978381	36380.000000	-71.370000	0.000000	0.000000
947.285143	36090.000000	-71.170000	0.000000	0.000000
957.705279	35790.000000	-70.980000	0.000000	0.000000
968.240037	35510.000000	-70.800000	0.000000	0.000000
978.890678	35220.000000	-70.550000	0.000000	0.000000
989.658475	34930.000000	-70.350000	0.000000	0.000000
