
Medición hecha el 2026-06-30  10:34 a.m.

Medición de corriente y tensión en el tiempo con posibilidad de inyectar corriente.
Tiempo	Corriente	Tensión
8.550000E+0	-9.887700E-4	1.263680E+4	0.000000E+0	0.000000E+0
3.721700E+1	-9.831200E-4	1.262840E+4	0.000000E+0	0.000000E+0
9.719600E+1	-9.826800E-4	1.262460E+4	0.000000E+0	0.000000E+0
1.571940E+2	-9.832900E-4	1.262250E+4	0.000000E+0	0.000000E+0
2.171920E+2	-9.829000E-4	1.262040E+4	0.000000E+0	0.000000E+0
2.772020E+2	-9.828900E-4	1.261790E+4	0.000000E+0	0.000000E+0
3.372220E+2	-9.823800E-4	1.261490E+4	0.000000E+0	0.000000E+0
3.972270E+2	-9.845200E-4	1.261150E+4	0.000000E+0	0.000000E+0
4.572250E+2	-9.835000E-4	1.260940E+4	0.000000E+0	0.000000E+0
5.172110E+2	-9.845800E-4	1.260740E+4	0.000000E+0	0.000000E+0
5.772160E+2	-9.833000E-4	1.260520E+4	0.000000E+0	0.000000E+0
6.372250E+2	-9.833300E-4	1.260300E+4	0.000000E+0	0.000000E+0
6.972360E+2	-9.815500E-4	1.260070E+4	0.000000E+0	0.000000E+0
7.572250E+2	-9.819500E-4	1.259890E+4	0.000000E+0	0.000000E+0
8.172320E+2	-9.827500E-4	1.259710E+4	0.000000E+0	0.000000E+0
8.772400E+2	-9.824800E-4	1.259500E+4	0.000000E+0	0.000000E+0
9.372610E+2	-9.820200E-4	1.259370E+4	0.000000E+0	0.000000E+0
9.972210E+2	-9.825400E-4	1.259140E+4	0.000000E+0	0.000000E+0
1.057242E+3	-9.819000E-4	1.258940E+4	0.000000E+0	0.000000E+0
1.117255E+3	-9.813200E-4	1.258720E+4	0.000000E+0	0.000000E+0
1.177228E+3	-9.817300E-4	1.258550E+4	0.000000E+0	0.000000E+0
1.237228E+3	-9.827200E-4	1.258370E+4	0.000000E+0	0.000000E+0
1.297243E+3	-9.819100E-4	1.258210E+4	0.000000E+0	0.000000E+0
1.357236E+3	-9.811400E-4	1.258070E+4	0.000000E+0	0.000000E+0
1.417253E+3	-9.825600E-4	1.257900E+4	0.000000E+0	0.000000E+0
1.477236E+3	-9.830900E-4	1.257730E+4	0.000000E+0	0.000000E+0
1.537254E+3	-9.836200E-4	1.257590E+4	0.000000E+0	0.000000E+0
1.597246E+3	-9.827100E-4	1.257420E+4	0.000000E+0	0.000000E+0
1.657238E+3	-9.829000E-4	1.257240E+4	0.000000E+0	0.000000E+0
1.717252E+3	-9.833100E-4	1.257130E+4	0.000000E+0	0.000000E+0
1.777263E+3	-9.837500E-4	1.256970E+4	0.000000E+0	0.000000E+0
1.837278E+3	-9.848900E-4	1.256810E+4	0.000000E+0	0.000000E+0
1.897282E+3	-9.852500E-4	1.256660E+4	0.000000E+0	0.000000E+0
1.957271E+3	-9.852500E-4	1.256490E+4	0.000000E+0	0.000000E+0
2.017265E+3	-9.849000E-4	1.256360E+4	0.000000E+0	0.000000E+0
2.077263E+3	-9.858700E-4	1.256190E+4	0.000000E+0	0.000000E+0
2.137294E+3	-9.862800E-4	1.256060E+4	0.000000E+0	0.000000E+0
2.197250E+3	-9.872100E-4	1.255910E+4	0.000000E+0	0.000000E+0
2.257282E+3	-9.875400E-4	1.255760E+4	0.000000E+0	0.000000E+0
2.317265E+3	-9.879700E-4	1.255620E+4	0.000000E+0	0.000000E+0
2.377263E+3	-9.879600E-4	1.255470E+4	0.000000E+0	0.000000E+0
2.437280E+3	-9.879700E-4	1.255370E+4	0.000000E+0	0.000000E+0
2.497242E+3	-9.881500E-4	1.255190E+4	0.000000E+0	0.000000E+0
2.557262E+3	-9.882700E-4	1.255060E+4	0.000000E+0	0.000000E+0
2.617298E+3	-9.876400E-4	1.254860E+4	0.000000E+0	0.000000E+0
2.677271E+3	-9.888100E-4	1.254740E+4	0.000000E+0	0.000000E+0
2.737293E+3	-9.894600E-4	1.254600E+4	0.000000E+0	0.000000E+0
2.797277E+3	-9.894200E-4	1.254450E+4	0.000000E+0	0.000000E+0
2.857297E+3	-9.895100E-4	1.254330E+4	0.000000E+0	0.000000E+0
2.917297E+3	-9.897200E-4	1.254170E+4	0.000000E+0	0.000000E+0
2.977269E+3	-9.896900E-4	1.254050E+4	0.000000E+0	0.000000E+0
3.037275E+3	-9.897300E-4	1.253930E+4	0.000000E+0	0.000000E+0
3.097305E+3	-9.897600E-4	1.253820E+4	0.000000E+0	0.000000E+0
3.157158E+3	-9.898000E-4	1.253640E+4	0.000000E+0	0.000000E+0
3.217283E+3	-9.897600E-4	1.253520E+4	0.000000E+0	0.000000E+0
3.277299E+3	-9.899100E-4	1.253410E+4	0.000000E+0	0.000000E+0
3.337145E+3	-9.898800E-4	1.253300E+4	0.000000E+0	0.000000E+0
3.397292E+3	-9.898800E-4	1.253180E+4	0.000000E+0	0.000000E+0
3.457268E+3	-9.902300E-4	1.253060E+4	0.000000E+0	0.000000E+0
3.517280E+3	-9.901600E-4	1.252900E+4	0.000000E+0	0.000000E+0
3.577139E+3	-9.900400E-4	1.252810E+4	0.000000E+0	0.000000E+0
3.637292E+3	-9.901800E-4	1.252660E+4	0.000000E+0	0.000000E+0
3.697156E+3	-9.902000E-4	1.252560E+4	0.000000E+0	0.000000E+0
3.757178E+3	-9.904000E-4	1.252500E+4	0.000000E+0	0.000000E+0
3.817185E+3	-9.903400E-4	1.252310E+4	0.000000E+0	0.000000E+0
3.877283E+3	-9.902500E-4	1.252340E+4	0.000000E+0	0.000000E+0
3.937160E+3	-9.901900E-4	1.252120E+4	0.000000E+0	0.000000E+0
3.997175E+3	-9.903200E-4	1.252030E+4	0.000000E+0	0.000000E+0
4.057198E+3	-9.904300E-4	1.251850E+4	0.000000E+0	0.000000E+0
4.117191E+3	-9.903500E-4	1.251720E+4	0.000000E+0	0.000000E+0
4.177195E+3	-9.904400E-4	1.251660E+4	0.000000E+0	0.000000E+0
4.237192E+3	-9.904200E-4	1.251470E+4	0.000000E+0	0.000000E+0
4.297189E+3	-9.904300E-4	1.251290E+4	0.000000E+0	0.000000E+0
4.357186E+3	-9.905000E-4	1.251150E+4	0.000000E+0	0.000000E+0
4.417176E+3	-9.902100E-4	1.250990E+4	0.000000E+0	0.000000E+0
4.477205E+3	-9.902700E-4	1.250810E+4	0.000000E+0	0.000000E+0
4.537223E+3	-9.905900E-4	1.250650E+4	0.000000E+0	0.000000E+0
4.597169E+3	-9.909000E-4	1.250450E+4	0.000000E+0	0.000000E+0
4.657183E+3	-9.908100E-4	1.250330E+4	0.000000E+0	0.000000E+0
4.717202E+3	-9.907000E-4	1.250180E+4	0.000000E+0	0.000000E+0
4.777205E+3	-9.908200E-4	1.250060E+4	0.000000E+0	0.000000E+0
4.837211E+3	-9.908400E-4	1.249920E+4	0.000000E+0	0.000000E+0
4.897217E+3	-9.908200E-4	1.249810E+4	0.000000E+0	0.000000E+0
4.957224E+3	-9.907800E-4	1.249680E+4	0.000000E+0	0.000000E+0
5.017194E+3	-9.907900E-4	1.249580E+4	0.000000E+0	0.000000E+0
5.077210E+3	-9.907200E-4	1.249480E+4	0.000000E+0	0.000000E+0
5.137225E+3	-9.908600E-4	1.249340E+4	0.000000E+0	0.000000E+0
5.197210E+3	-9.909000E-4	1.249250E+4	0.000000E+0	0.000000E+0
5.257210E+3	-9.909000E-4	1.249160E+4	0.000000E+0	0.000000E+0
5.317228E+3	-9.909500E-4	1.249040E+4	0.000000E+0	0.000000E+0
5.377189E+3	-9.908600E-4	1.248920E+4	0.000000E+0	0.000000E+0
5.437196E+3	-9.909000E-4	1.248850E+4	0.000000E+0	0.000000E+0
5.497212E+3	-9.907100E-4	1.248720E+4	0.000000E+0	0.000000E+0
5.557219E+3	-9.907100E-4	1.248620E+4	0.000000E+0	0.000000E+0
5.617248E+3	-9.907200E-4	1.248570E+4	0.000000E+0	0.000000E+0
5.677360E+3	-9.907100E-4	1.248510E+4	0.000000E+0	0.000000E+0
5.737223E+3	-9.906900E-4	1.248370E+4	0.000000E+0	0.000000E+0
5.797211E+3	-9.907800E-4	1.248300E+4	0.000000E+0	0.000000E+0
5.857223E+3	-9.908200E-4	1.248210E+4	0.000000E+0	0.000000E+0
5.917220E+3	-9.908600E-4	1.248080E+4	0.000000E+0	0.000000E+0
5.977228E+3	-9.908500E-4	1.248000E+4	0.000000E+0	0.000000E+0
6.037220E+3	-9.909300E-4	1.247890E+4	0.000000E+0	0.000000E+0
6.097221E+3	-9.909400E-4	1.247820E+4	0.000000E+0	0.000000E+0
6.157220E+3	-9.910200E-4	1.247720E+4	0.000000E+0	0.000000E+0
6.217236E+3	-9.910800E-4	1.247680E+4	0.000000E+0	0.000000E+0
6.277220E+3	-9.912000E-4	1.247520E+4	0.000000E+0	0.000000E+0
6.337252E+3	-9.911900E-4	1.247430E+4	0.000000E+0	0.000000E+0
6.397252E+3	-9.910500E-4	1.247340E+4	0.000000E+0	0.000000E+0
6.457233E+3	-9.909900E-4	1.247230E+4	0.000000E+0	0.000000E+0
6.517238E+3	-9.909900E-4	1.247150E+4	0.000000E+0	0.000000E+0
6.577220E+3	-9.910300E-4	1.247070E+4	0.000000E+0	0.000000E+0
6.637249E+3	-9.910500E-4	1.246980E+4	0.000000E+0	0.000000E+0
6.697210E+3	-9.910200E-4	1.246900E+4	0.000000E+0	0.000000E+0
6.757238E+3	-9.911700E-4	1.246820E+4	0.000000E+0	0.000000E+0
6.817239E+3	-9.912200E-4	1.246740E+4	0.000000E+0	0.000000E+0
6.877217E+3	-9.909400E-4	1.246650E+4	0.000000E+0	0.000000E+0
6.937231E+3	-9.907800E-4	1.246570E+4	0.000000E+0	0.000000E+0
6.997357E+3	-9.910900E-4	1.246510E+4	0.000000E+0	0.000000E+0
7.057252E+3	-9.910000E-4	1.246390E+4	0.000000E+0	0.000000E+0
7.117252E+3	-9.910300E-4	1.246300E+4	0.000000E+0	0.000000E+0
7.177228E+3	-9.911200E-4	1.246200E+4	0.000000E+0	0.000000E+0
7.237251E+3	-9.913500E-4	1.246140E+4	0.000000E+0	0.000000E+0
7.297220E+3	-9.913600E-4	1.246040E+4	0.000000E+0	0.000000E+0
7.357220E+3	-9.914200E-4	1.245960E+4	0.000000E+0	0.000000E+0
7.417229E+3	-9.913900E-4	1.245920E+4	0.000000E+0	0.000000E+0
7.477246E+3	-9.914700E-4	1.245780E+4	0.000000E+0	0.000000E+0
7.537239E+3	-9.915400E-4	1.245710E+4	0.000000E+0	0.000000E+0
7.597220E+3	-9.915100E-4	1.245630E+4	0.000000E+0	0.000000E+0
7.657228E+3	-9.914400E-4	1.245550E+4	0.000000E+0	0.000000E+0
7.717247E+3	-9.914100E-4	1.245430E+4	0.000000E+0	0.000000E+0
7.777248E+3	-9.914300E-4	1.245410E+4	0.000000E+0	0.000000E+0
7.837186E+3	-9.915100E-4	1.245290E+4	0.000000E+0	0.000000E+0
7.897220E+3	-9.915000E-4	1.245210E+4	0.000000E+0	0.000000E+0
7.957240E+3	-9.915900E-4	1.245130E+4	0.000000E+0	0.000000E+0
8.017252E+3	-9.915100E-4	1.245060E+4	0.000000E+0	0.000000E+0
8.077190E+3	-9.915200E-4	1.244980E+4	0.000000E+0	0.000000E+0
8.137220E+3	-9.915600E-4	1.244910E+4	0.000000E+0	0.000000E+0
8.197299E+3	-9.915800E-4	1.244840E+4	0.000000E+0	0.000000E+0
8.257180E+3	-9.916000E-4	1.244780E+4	0.000000E+0	0.000000E+0
8.317200E+3	-9.915500E-4	1.244690E+4	0.000000E+0	0.000000E+0
8.377220E+3	-9.917000E-4	1.244630E+4	0.000000E+0	0.000000E+0
8.437238E+3	-9.917300E-4	1.244540E+4	0.000000E+0	0.000000E+0
8.497242E+3	-9.917000E-4	1.244470E+4	0.000000E+0	0.000000E+0
8.557248E+3	-9.917000E-4	1.244410E+4	0.000000E+0	0.000000E+0
8.617252E+3	-9.916600E-4	1.244340E+4	0.000000E+0	0.000000E+0
8.677238E+3	-9.915200E-4	1.244320E+4	0.000000E+0	0.000000E+0
8.737238E+3	-9.917300E-4	1.244250E+4	0.000000E+0	0.000000E+0
8.797238E+3	-9.916600E-4	1.244120E+4	0.000000E+0	0.000000E+0
8.857247E+3	-9.916500E-4	1.244050E+4	0.000000E+0	0.000000E+0
8.917242E+3	-9.916400E-4	1.243970E+4	0.000000E+0	0.000000E+0
8.977194E+3	-9.916800E-4	1.243950E+4	0.000000E+0	0.000000E+0
9.037220E+3	-9.916800E-4	1.243820E+4	0.000000E+0	0.000000E+0
9.097231E+3	-9.916100E-4	1.243760E+4	0.000000E+0	0.000000E+0
9.157213E+3	-9.917200E-4	1.243690E+4	0.000000E+0	0.000000E+0
9.217218E+3	-9.917300E-4	1.243620E+4	0.000000E+0	0.000000E+0
9.277238E+3	-9.916500E-4	1.243530E+4	0.000000E+0	0.000000E+0
9.337196E+3	-9.916600E-4	1.243480E+4	0.000000E+0	0.000000E+0
9.397214E+3	-9.916600E-4	1.243390E+4	0.000000E+0	0.000000E+0
9.457232E+3	-9.916300E-4	1.243310E+4	0.000000E+0	0.000000E+0
9.517231E+3	-9.916200E-4	1.243310E+4	0.000000E+0	0.000000E+0
9.577230E+3	-9.915300E-4	1.243270E+4	0.000000E+0	0.000000E+0
9.637235E+3	-9.915500E-4	1.243210E+4	0.000000E+0	0.000000E+0
9.697240E+3	-9.916200E-4	1.243160E+4	0.000000E+0	0.000000E+0
9.757243E+3	-9.915200E-4	1.243150E+4	0.000000E+0	0.000000E+0
9.817250E+3	-9.915900E-4	1.243070E+4	0.000000E+0	0.000000E+0
9.877195E+3	-9.917000E-4	1.242970E+4	0.000000E+0	0.000000E+0
9.937210E+3	-9.918500E-4	1.242980E+4	0.000000E+0	0.000000E+0
9.997227E+3	-9.918500E-4	1.242950E+4	0.000000E+0	0.000000E+0
1.005722E+4	-9.918500E-4	1.242910E+4	0.000000E+0	0.000000E+0
1.011722E+4	-9.917200E-4	1.242850E+4	0.000000E+0	0.000000E+0
1.017721E+4	-9.916100E-4	1.242870E+4	0.000000E+0	0.000000E+0
1.023723E+4	-9.917200E-4	1.242820E+4	0.000000E+0	0.000000E+0
1.029724E+4	-9.917100E-4	1.242720E+4	0.000000E+0	0.000000E+0
1.035722E+4	-9.915600E-4	1.242760E+4	0.000000E+0	0.000000E+0
1.041723E+4	-9.916700E-4	1.242650E+4	0.000000E+0	0.000000E+0
1.047721E+4	-9.916800E-4	1.242600E+4	0.000000E+0	0.000000E+0
1.053721E+4	-9.917000E-4	1.242550E+4	0.000000E+0	0.000000E+0
1.059723E+4	-9.916500E-4	1.242450E+4	0.000000E+0	0.000000E+0
1.065724E+4	-9.917200E-4	1.242410E+4	0.000000E+0	0.000000E+0
1.071719E+4	-9.919400E-4	1.242350E+4	0.000000E+0	0.000000E+0
1.077721E+4	-9.917900E-4	1.242270E+4	0.000000E+0	0.000000E+0
1.083723E+4	-9.918400E-4	1.242230E+4	0.000000E+0	0.000000E+0
1.089722E+4	-9.918200E-4	1.242180E+4	0.000000E+0	0.000000E+0
1.095724E+4	-9.917400E-4	1.242120E+4	0.000000E+0	0.000000E+0
1.101722E+4	-9.918000E-4	1.242100E+4	0.000000E+0	0.000000E+0
1.107724E+4	-9.920500E-4	1.242010E+4	0.000000E+0	0.000000E+0
1.113728E+4	-9.918200E-4	1.242000E+4	0.000000E+0	0.000000E+0
1.119736E+4	-9.917300E-4	1.241900E+4	0.000000E+0	0.000000E+0
1.125734E+4	-9.917400E-4	1.241850E+4	0.000000E+0	0.000000E+0
1.131736E+4	-9.919400E-4	1.241730E+4	0.000000E+0	0.000000E+0
1.137719E+4	-9.916600E-4	1.241700E+4	0.000000E+0	0.000000E+0
1.143720E+4	-9.918600E-4	1.241610E+4	0.000000E+0	0.000000E+0
1.149722E+4	-9.919400E-4	1.241550E+4	0.000000E+0	0.000000E+0
1.155721E+4	-9.918500E-4	1.241500E+4	0.000000E+0	0.000000E+0
1.161722E+4	-9.918500E-4	1.241440E+4	0.000000E+0	0.000000E+0
1.167722E+4	-9.918400E-4	1.241400E+4	0.000000E+0	0.000000E+0
1.173723E+4	-9.917900E-4	1.241350E+4	0.000000E+0	0.000000E+0
1.179722E+4	-9.919400E-4	1.241280E+4	0.000000E+0	0.000000E+0
1.185721E+4	-9.921700E-4	1.241160E+4	0.000000E+0	0.000000E+0
1.191722E+4	-9.921000E-4	1.241120E+4	0.000000E+0	0.000000E+0
1.197722E+4	-9.921100E-4	1.241070E+4	0.000000E+0	0.000000E+0
1.203721E+4	-9.919600E-4	1.241020E+4	0.000000E+0	0.000000E+0
1.209722E+4	-9.920400E-4	1.240970E+4	0.000000E+0	0.000000E+0
1.215720E+4	-9.921500E-4	1.240900E+4	0.000000E+0	0.000000E+0
1.221722E+4	-9.919600E-4	1.240880E+4	0.000000E+0	0.000000E+0
1.227725E+4	-9.922300E-4	1.240940E+4	0.000000E+0	0.000000E+0
1.233719E+4	-9.918700E-4	1.241010E+4	0.000000E+0	0.000000E+0
1.239721E+4	-9.919300E-4	1.241110E+4	0.000000E+0	0.000000E+0
1.245723E+4	-9.919500E-4	1.241200E+4	0.000000E+0	0.000000E+0
1.251719E+4	-9.920000E-4	1.241300E+4	0.000000E+0	0.000000E+0
1.257720E+4	-9.918700E-4	1.241440E+4	0.000000E+0	0.000000E+0
1.263722E+4	-9.915200E-4	1.241500E+4	0.000000E+0	0.000000E+0
1.269724E+4	-9.919600E-4	1.241560E+4	0.000000E+0	0.000000E+0
1.275727E+4	-9.920100E-4	1.241660E+4	0.000000E+0	0.000000E+0
1.281720E+4	-9.919800E-4	1.241660E+4	0.000000E+0	0.000000E+0
1.287722E+4	-9.917900E-4	1.241720E+4	0.000000E+0	0.000000E+0
1.293722E+4	-9.916000E-4	1.241820E+4	0.000000E+0	0.000000E+0
1.299723E+4	-9.920100E-4	1.241880E+4	0.000000E+0	0.000000E+0
1.305724E+4	-9.920000E-4	1.241980E+4	0.000000E+0	0.000000E+0
1.311724E+4	-9.920700E-4	1.242020E+4	0.000000E+0	0.000000E+0
1.317725E+4	-9.921100E-4	1.242070E+4	0.000000E+0	0.000000E+0
1.323722E+4	-9.921100E-4	1.242200E+4	0.000000E+0	0.000000E+0
1.329724E+4	-9.920700E-4	1.242220E+4	0.000000E+0	0.000000E+0
1.335727E+4	-9.922900E-4	1.242280E+4	0.000000E+0	0.000000E+0
1.341726E+4	-9.921600E-4	1.242400E+4	0.000000E+0	0.000000E+0
1.347725E+4	-9.922500E-4	1.242430E+4	0.000000E+0	0.000000E+0
1.353721E+4	-9.921900E-4	1.242530E+4	0.000000E+0	0.000000E+0
1.359723E+4	-9.922100E-4	1.242630E+4	0.000000E+0	0.000000E+0
1.365725E+4	-9.918100E-4	1.242640E+4	0.000000E+0	0.000000E+0
1.371726E+4	-9.916600E-4	1.242740E+4	0.000000E+0	0.000000E+0
1.377721E+4	-9.917100E-4	1.242820E+4	0.000000E+0	0.000000E+0
1.383723E+4	-9.917300E-4	1.242910E+4	0.000000E+0	0.000000E+0
1.389724E+4	-9.917600E-4	1.242960E+4	0.000000E+0	0.000000E+0
1.395726E+4	-9.919200E-4	1.243040E+4	0.000000E+0	0.000000E+0
1.401728E+4	-9.920700E-4	1.243110E+4	0.000000E+0	0.000000E+0
1.407723E+4	-9.919300E-4	1.243180E+4	0.000000E+0	0.000000E+0
1.413726E+4	-9.920300E-4	1.243230E+4	0.000000E+0	0.000000E+0
1.419722E+4	-9.919600E-4	1.243300E+4	0.000000E+0	0.000000E+0
1.425724E+4	-9.919900E-4	1.243430E+4	0.000000E+0	0.000000E+0
1.431726E+4	-9.920200E-4	1.243550E+4	0.000000E+0	0.000000E+0
1.437727E+4	-9.920600E-4	1.243620E+4	0.000000E+0	0.000000E+0
1.443728E+4	-9.920100E-4	1.243710E+4	0.000000E+0	0.000000E+0
1.449728E+4	-9.919000E-4	1.243790E+4	0.000000E+0	0.000000E+0
1.455726E+4	-9.919900E-4	1.243880E+4	0.000000E+0	0.000000E+0
1.461724E+4	-9.918100E-4	1.243920E+4	0.000000E+0	0.000000E+0
1.467726E+4	-9.918400E-4	1.244020E+4	0.000000E+0	0.000000E+0
1.473726E+4	-9.918200E-4	1.244080E+4	0.000000E+0	0.000000E+0
1.479725E+4	-9.918400E-4	1.244140E+4	0.000000E+0	0.000000E+0
1.485726E+4	-9.919700E-4	1.244270E+4	0.000000E+0	0.000000E+0
1.491726E+4	-9.919700E-4	1.244350E+4	0.000000E+0	0.000000E+0
1.497726E+4	-9.919800E-4	1.244410E+4	0.000000E+0	0.000000E+0
1.503726E+4	-9.919500E-4	1.244490E+4	0.000000E+0	0.000000E+0
1.509721E+4	-9.918900E-4	1.244580E+4	0.000000E+0	0.000000E+0
1.515724E+4	-9.919300E-4	1.244660E+4	0.000000E+0	0.000000E+0
1.521725E+4	-9.918500E-4	1.244720E+4	0.000000E+0	0.000000E+0
1.527725E+4	-9.918400E-4	1.244840E+4	0.000000E+0	0.000000E+0
1.533724E+4	-9.918800E-4	1.244950E+4	0.000000E+0	0.000000E+0
1.539725E+4	-9.918100E-4	1.245030E+4	0.000000E+0	0.000000E+0
1.545727E+4	-9.919400E-4	1.245070E+4	0.000000E+0	0.000000E+0
1.551722E+4	-9.919900E-4	1.245100E+4	0.000000E+0	0.000000E+0
1.557725E+4	-9.919900E-4	1.245170E+4	0.000000E+0	0.000000E+0
1.563726E+4	-9.920900E-4	1.245190E+4	0.000000E+0	0.000000E+0
1.569726E+4	-9.918200E-4	1.245340E+4	0.000000E+0	0.000000E+0
1.575727E+4	-9.919700E-4	1.245420E+4	0.000000E+0	0.000000E+0
1.581726E+4	-9.918700E-4	1.245510E+4	0.000000E+0	0.000000E+0
1.587726E+4	-9.918200E-4	1.245590E+4	0.000000E+0	0.000000E+0
1.593728E+4	-9.919500E-4	1.245640E+4	0.000000E+0	0.000000E+0
1.599723E+4	-9.918300E-4	1.245720E+4	0.000000E+0	0.000000E+0
1.605728E+4	-9.920000E-4	1.245830E+4	0.000000E+0	0.000000E+0
1.611724E+4	-9.920200E-4	1.245890E+4	0.000000E+0	0.000000E+0
1.617724E+4	-9.918800E-4	1.245900E+4	0.000000E+0	0.000000E+0
1.623725E+4	-9.918300E-4	1.246040E+4	0.000000E+0	0.000000E+0
1.629728E+4	-9.920400E-4	1.246140E+4	0.000000E+0	0.000000E+0
1.635726E+4	-9.920200E-4	1.246150E+4	0.000000E+0	0.000000E+0
1.641728E+4	-9.917300E-4	1.246280E+4	0.000000E+0	0.000000E+0
1.647724E+4	-9.917800E-4	1.246280E+4	0.000000E+0	0.000000E+0
1.653726E+4	-9.920400E-4	1.246340E+4	0.000000E+0	0.000000E+0
1.659726E+4	-9.920000E-4	1.246470E+4	0.000000E+0	0.000000E+0
1.665725E+4	-9.920000E-4	1.246570E+4	0.000000E+0	0.000000E+0
1.671727E+4	-9.919800E-4	1.246600E+4	0.000000E+0	0.000000E+0
1.677725E+4	-9.920300E-4	1.246700E+4	0.000000E+0	0.000000E+0
1.683726E+4	-9.919700E-4	1.246800E+4	0.000000E+0	0.000000E+0
1.689726E+4	-9.920800E-4	1.246870E+4	0.000000E+0	0.000000E+0
1.695727E+4	-9.920500E-4	1.246900E+4	0.000000E+0	0.000000E+0
1.701727E+4	-9.921400E-4	1.246950E+4	0.000000E+0	0.000000E+0
1.707726E+4	-9.921600E-4	1.247090E+4	0.000000E+0	0.000000E+0
1.713728E+4	-9.920800E-4	1.247200E+4	0.000000E+0	0.000000E+0
1.719726E+4	-9.921800E-4	1.247300E+4	0.000000E+0	0.000000E+0
1.725726E+4	-9.920900E-4	1.247400E+4	0.000000E+0	0.000000E+0
1.731721E+4	-9.922400E-4	1.247390E+4	0.000000E+0	0.000000E+0
1.737728E+4	-9.922400E-4	1.247490E+4	0.000000E+0	0.000000E+0
1.743726E+4	-9.924100E-4	1.247570E+4	0.000000E+0	0.000000E+0
1.749724E+4	-9.918800E-4	1.247660E+4	0.000000E+0	0.000000E+0
1.755726E+4	-9.918200E-4	1.247850E+4	0.000000E+0	0.000000E+0
1.761726E+4	-9.922500E-4	1.247910E+4	0.000000E+0	0.000000E+0
1.767721E+4	-9.918700E-4	1.248050E+4	0.000000E+0	0.000000E+0
1.773723E+4	-9.920900E-4	1.248060E+4	0.000000E+0	0.000000E+0
1.779725E+4	-9.917700E-4	1.248190E+4	0.000000E+0	0.000000E+0
1.785727E+4	-9.916700E-4	1.248330E+4	0.000000E+0	0.000000E+0
1.791725E+4	-9.919000E-4	1.248350E+4	0.000000E+0	0.000000E+0
1.797723E+4	-9.918700E-4	1.248430E+4	0.000000E+0	0.000000E+0
1.803724E+4	-9.917200E-4	1.248600E+4	0.000000E+0	0.000000E+0
1.809726E+4	-9.917900E-4	1.248740E+4	0.000000E+0	0.000000E+0
1.815726E+4	-9.918200E-4	1.248820E+4	0.000000E+0	0.000000E+0
1.821728E+4	-9.917700E-4	1.248970E+4	0.000000E+0	0.000000E+0
1.827727E+4	-9.916700E-4	1.248990E+4	0.000000E+0	0.000000E+0
1.833727E+4	-9.916800E-4	1.249170E+4	0.000000E+0	0.000000E+0
1.839717E+4	-9.915900E-4	1.249250E+4	0.000000E+0	0.000000E+0
1.845721E+4	-9.916900E-4	1.249390E+4	0.000000E+0	0.000000E+0
1.851719E+4	-9.916500E-4	1.249510E+4	0.000000E+0	0.000000E+0
1.857723E+4	-9.916000E-4	1.249610E+4	0.000000E+0	0.000000E+0
1.863715E+4	-9.916300E-4	1.249710E+4	0.000000E+0	0.000000E+0
1.869724E+4	-9.916500E-4	1.249710E+4	0.000000E+0	0.000000E+0
1.875719E+4	-9.916800E-4	1.249850E+4	0.000000E+0	0.000000E+0
1.881721E+4	-9.917200E-4	1.249880E+4	0.000000E+0	0.000000E+0
1.887715E+4	-9.916500E-4	1.250020E+4	0.000000E+0	0.000000E+0
1.893726E+4	-9.918800E-4	1.250110E+4	0.000000E+0	0.000000E+0
1.899714E+4	-9.917200E-4	1.250240E+4	0.000000E+0	0.000000E+0
1.905717E+4	-9.916600E-4	1.250290E+4	0.000000E+0	0.000000E+0
1.911717E+4	-9.915900E-4	1.250400E+4	0.000000E+0	0.000000E+0
1.917720E+4	-9.916400E-4	1.250470E+4	0.000000E+0	0.000000E+0
1.923715E+4	-9.917200E-4	1.250660E+4	0.000000E+0	0.000000E+0
1.929716E+4	-9.916200E-4	1.250690E+4	0.000000E+0	0.000000E+0
1.935721E+4	-9.916300E-4	1.250790E+4	0.000000E+0	0.000000E+0
1.941717E+4	-9.916600E-4	1.250910E+4	0.000000E+0	0.000000E+0
1.947720E+4	-9.917100E-4	1.250990E+4	0.000000E+0	0.000000E+0
1.953723E+4	-9.918700E-4	1.251120E+4	0.000000E+0	0.000000E+0
1.959718E+4	-9.918200E-4	1.251200E+4	0.000000E+0	0.000000E+0
1.965716E+4	-9.918600E-4	1.251350E+4	0.000000E+0	0.000000E+0
1.971717E+4	-9.919000E-4	1.251450E+4	0.000000E+0	0.000000E+0
1.977726E+4	-9.919100E-4	1.251470E+4	0.000000E+0	0.000000E+0
1.983724E+4	-9.919000E-4	1.251530E+4	0.000000E+0	0.000000E+0
1.989713E+4	-9.919000E-4	1.251610E+4	0.000000E+0	0.000000E+0
1.995717E+4	-9.918400E-4	1.251770E+4	0.000000E+0	0.000000E+0
2.001720E+4	-9.919100E-4	1.251860E+4	0.000000E+0	0.000000E+0
2.007715E+4	-9.919400E-4	1.251930E+4	0.000000E+0	0.000000E+0
2.013720E+4	-9.919600E-4	1.252070E+4	0.000000E+0	0.000000E+0
2.019715E+4	-9.919600E-4	1.252140E+4	0.000000E+0	0.000000E+0
2.025718E+4	-9.919300E-4	1.252190E+4	0.000000E+0	0.000000E+0
2.031714E+4	-9.919800E-4	1.252270E+4	0.000000E+0	0.000000E+0
2.037720E+4	-9.919800E-4	1.252430E+4	0.000000E+0	0.000000E+0
2.043718E+4	-9.919100E-4	1.252570E+4	0.000000E+0	0.000000E+0
2.049718E+4	-9.918600E-4	1.252590E+4	0.000000E+0	0.000000E+0
2.055720E+4	-9.918400E-4	1.252810E+4	0.000000E+0	0.000000E+0
2.061715E+4	-9.919200E-4	1.252870E+4	0.000000E+0	0.000000E+0
2.067719E+4	-9.919000E-4	1.252980E+4	0.000000E+0	0.000000E+0
2.073717E+4	-9.919200E-4	1.253040E+4	0.000000E+0	0.000000E+0
2.079721E+4	-9.918800E-4	1.253110E+4	0.000000E+0	0.000000E+0
2.085714E+4	-9.919200E-4	1.253210E+4	0.000000E+0	0.000000E+0
2.091723E+4	-9.919900E-4	1.253400E+4	0.000000E+0	0.000000E+0
2.097716E+4	-9.919300E-4	1.253380E+4	0.000000E+0	0.000000E+0
2.103724E+4	-9.919100E-4	1.253470E+4	0.000000E+0	0.000000E+0
2.109717E+4	-9.919300E-4	1.253640E+4	0.000000E+0	0.000000E+0
2.115725E+4	-9.920300E-4	1.253690E+4	0.000000E+0	0.000000E+0
2.121725E+4	-9.919600E-4	1.253760E+4	0.000000E+0	0.000000E+0
2.127719E+4	-9.919800E-4	1.253890E+4	0.000000E+0	0.000000E+0
2.133716E+4	-9.919900E-4	1.253990E+4	0.000000E+0	0.000000E+0
2.139725E+4	-9.919700E-4	1.254030E+4	0.000000E+0	0.000000E+0
2.145718E+4	-9.919300E-4	1.254150E+4	0.000000E+0	0.000000E+0
2.151727E+4	-9.919000E-4	1.254240E+4	0.000000E+0	0.000000E+0
2.157724E+4	-9.919600E-4	1.254300E+4	0.000000E+0	0.000000E+0
2.163718E+4	-9.919800E-4	1.254430E+4	0.000000E+0	0.000000E+0
2.169719E+4	-9.920500E-4	1.254540E+4	0.000000E+0	0.000000E+0
2.175715E+4	-9.920000E-4	1.254650E+4	0.000000E+0	0.000000E+0
2.181716E+4	-9.920600E-4	1.254750E+4	0.000000E+0	0.000000E+0
2.187724E+4	-9.919900E-4	1.254810E+4	0.000000E+0	0.000000E+0
2.193723E+4	-9.920000E-4	1.254850E+4	0.000000E+0	0.000000E+0
2.199725E+4	-9.920600E-4	1.254960E+4	0.000000E+0	0.000000E+0
2.205715E+4	-9.920600E-4	1.255020E+4	0.000000E+0	0.000000E+0
2.211724E+4	-9.920300E-4	1.255080E+4	0.000000E+0	0.000000E+0
2.217725E+4	-9.920200E-4	1.255250E+4	0.000000E+0	0.000000E+0
2.223718E+4	-9.923100E-4	1.255370E+4	0.000000E+0	0.000000E+0
2.229719E+4	-9.921900E-4	1.255500E+4	0.000000E+0	0.000000E+0
2.235715E+4	-9.920300E-4	1.255510E+4	0.000000E+0	0.000000E+0
2.241718E+4	-9.922000E-4	1.255500E+4	0.000000E+0	0.000000E+0
2.247721E+4	-9.922200E-4	1.255700E+4	0.000000E+0	0.000000E+0
2.253714E+4	-9.921800E-4	1.255780E+4	0.000000E+0	0.000000E+0
2.259715E+4	-9.922900E-4	1.255870E+4	0.000000E+0	0.000000E+0
2.265719E+4	-9.923300E-4	1.255900E+4	0.000000E+0	0.000000E+0
2.271714E+4	-9.922900E-4	1.256040E+4	0.000000E+0	0.000000E+0
2.277724E+4	-9.922900E-4	1.256040E+4	0.000000E+0	0.000000E+0
2.283715E+4	-9.922900E-4	1.256130E+4	0.000000E+0	0.000000E+0
2.289721E+4	-9.922100E-4	1.256260E+4	0.000000E+0	0.000000E+0
2.295715E+4	-9.923000E-4	1.256370E+4	0.000000E+0	0.000000E+0
2.301719E+4	-9.918700E-4	1.256500E+4	0.000000E+0	0.000000E+0
2.307718E+4	-9.921700E-4	1.256540E+4	0.000000E+0	0.000000E+0
2.313716E+4	-9.922200E-4	1.256560E+4	0.000000E+0	0.000000E+0
2.319718E+4	-9.923400E-4	1.256650E+4	0.000000E+0	0.000000E+0
2.325714E+4	-9.923400E-4	1.256700E+4	0.000000E+0	0.000000E+0
2.331716E+4	-9.922800E-4	1.256910E+4	0.000000E+0	0.000000E+0
2.337718E+4	-9.923300E-4	1.256970E+4	0.000000E+0	0.000000E+0
2.343714E+4	-9.922800E-4	1.257040E+4	0.000000E+0	0.000000E+0
2.349716E+4	-9.924000E-4	1.257140E+4	0.000000E+0	0.000000E+0
2.355725E+4	-9.922000E-4	1.257210E+4	0.000000E+0	0.000000E+0
2.361714E+4	-9.920900E-4	1.257300E+4	0.000000E+0	0.000000E+0
2.367718E+4	-9.922400E-4	1.257390E+4	0.000000E+0	0.000000E+0
2.373716E+4	-9.922300E-4	1.257400E+4	0.000000E+0	0.000000E+0
2.379725E+4	-9.920300E-4	1.257540E+4	0.000000E+0	0.000000E+0
2.385714E+4	-9.921900E-4	1.257780E+4	0.000000E+0	0.000000E+0
2.391717E+4	-9.921400E-4	1.257840E+4	0.000000E+0	0.000000E+0
2.397721E+4	-9.922300E-4	1.257830E+4	0.000000E+0	0.000000E+0
2.403714E+4	-9.920200E-4	1.257880E+4	0.000000E+0	0.000000E+0
2.409715E+4	-9.920700E-4	1.258070E+4	0.000000E+0	0.000000E+0
2.415718E+4	-9.921300E-4	1.258130E+4	0.000000E+0	0.000000E+0
2.421723E+4	-9.922000E-4	1.258270E+4	0.000000E+0	0.000000E+0
2.427717E+4	-9.921500E-4	1.258260E+4	0.000000E+0	0.000000E+0
2.433719E+4	-9.922600E-4	1.258400E+4	0.000000E+0	0.000000E+0
2.439714E+4	-9.923500E-4	1.258420E+4	0.000000E+0	0.000000E+0
2.445721E+4	-9.923200E-4	1.258520E+4	0.000000E+0	0.000000E+0
2.451718E+4	-9.924100E-4	1.258640E+4	0.000000E+0	0.000000E+0
2.457721E+4	-9.923900E-4	1.258690E+4	0.000000E+0	0.000000E+0
2.463714E+4	-9.924200E-4	1.258750E+4	0.000000E+0	0.000000E+0
2.469715E+4	-9.923600E-4	1.258800E+4	0.000000E+0	0.000000E+0
2.475716E+4	-9.922700E-4	1.258830E+4	0.000000E+0	0.000000E+0
2.481716E+4	-9.922500E-4	1.258980E+4	0.000000E+0	0.000000E+0
2.487721E+4	-9.923000E-4	1.259070E+4	0.000000E+0	0.000000E+0
2.493719E+4	-9.923100E-4	1.259120E+4	0.000000E+0	0.000000E+0
2.499724E+4	-9.921500E-4	1.259210E+4	0.000000E+0	0.000000E+0
2.505714E+4	-9.919800E-4	1.259310E+4	0.000000E+0	0.000000E+0
2.511720E+4	-9.920900E-4	1.259390E+4	0.000000E+0	0.000000E+0
2.517715E+4	-9.921700E-4	1.259420E+4	0.000000E+0	0.000000E+0
2.523719E+4	-9.922800E-4	1.259470E+4	0.000000E+0	0.000000E+0
2.529720E+4	-9.923200E-4	1.259520E+4	0.000000E+0	0.000000E+0
2.535720E+4	-9.922900E-4	1.259610E+4	0.000000E+0	0.000000E+0
2.541725E+4	-9.922100E-4	1.259750E+4	0.000000E+0	0.000000E+0
2.547714E+4	-9.921600E-4	1.259770E+4	0.000000E+0	0.000000E+0
2.553716E+4	-9.922400E-4	1.259790E+4	0.000000E+0	0.000000E+0
2.559719E+4	-9.923400E-4	1.259810E+4	0.000000E+0	0.000000E+0
2.565719E+4	-9.923200E-4	1.259970E+4	0.000000E+0	0.000000E+0
2.571720E+4	-9.923200E-4	1.260060E+4	0.000000E+0	0.000000E+0
2.577716E+4	-9.923200E-4	1.260100E+4	0.000000E+0	0.000000E+0
2.583720E+4	-9.923100E-4	1.260130E+4	0.000000E+0	0.000000E+0
2.589716E+4	-9.922500E-4	1.260150E+4	0.000000E+0	0.000000E+0
2.595717E+4	-9.922800E-4	1.260410E+4	0.000000E+0	0.000000E+0
2.601720E+4	-9.922900E-4	1.260490E+4	0.000000E+0	0.000000E+0
2.607715E+4	-9.922400E-4	1.260580E+4	0.000000E+0	0.000000E+0
2.613719E+4	-9.922200E-4	1.260700E+4	0.000000E+0	0.000000E+0
2.619721E+4	-9.922600E-4	1.260750E+4	0.000000E+0	0.000000E+0
2.625717E+4	-9.920700E-4	1.260810E+4	0.000000E+0	0.000000E+0
2.631716E+4	-9.922600E-4	1.260790E+4	0.000000E+0	0.000000E+0
2.637722E+4	-9.922200E-4	1.260910E+4	0.000000E+0	0.000000E+0
2.643715E+4	-9.921800E-4	1.260940E+4	0.000000E+0	0.000000E+0
2.649717E+4	-9.922100E-4	1.261090E+4	0.000000E+0	0.000000E+0
2.655725E+4	-9.921400E-4	1.261200E+4	0.000000E+0	0.000000E+0
2.661715E+4	-9.921800E-4	1.261320E+4	0.000000E+0	0.000000E+0
2.667717E+4	-9.924600E-4	1.261310E+4	0.000000E+0	0.000000E+0
2.673719E+4	-9.922200E-4	1.261440E+4	0.000000E+0	0.000000E+0
2.679715E+4	-9.921900E-4	1.261490E+4	0.000000E+0	0.000000E+0
2.685716E+4	-9.922500E-4	1.261630E+4	0.000000E+0	0.000000E+0
2.691718E+4	-9.923400E-4	1.261700E+4	0.000000E+0	0.000000E+0
2.697720E+4	-9.921900E-4	1.261750E+4	0.000000E+0	0.000000E+0
2.703715E+4	-9.923100E-4	1.261790E+4	0.000000E+0	0.000000E+0
2.709717E+4	-9.922600E-4	1.261930E+4	0.000000E+0	0.000000E+0
2.715718E+4	-9.922200E-4	1.262030E+4	0.000000E+0	0.000000E+0
2.721715E+4	-9.924800E-4	1.262100E+4	0.000000E+0	0.000000E+0
2.727720E+4	-9.924400E-4	1.262150E+4	0.000000E+0	0.000000E+0
2.733719E+4	-9.922800E-4	1.262130E+4	0.000000E+0	0.000000E+0
2.739716E+4	-9.922500E-4	1.262280E+4	0.000000E+0	0.000000E+0
2.745718E+4	-9.922600E-4	1.262410E+4	0.000000E+0	0.000000E+0
2.751719E+4	-9.922600E-4	1.262360E+4	0.000000E+0	0.000000E+0
2.757720E+4	-9.922300E-4	1.262540E+4	0.000000E+0	0.000000E+0
2.763716E+4	-9.922400E-4	1.262620E+4	0.000000E+0	0.000000E+0
2.769720E+4	-9.923000E-4	1.262700E+4	0.000000E+0	0.000000E+0
2.775718E+4	-9.922600E-4	1.262770E+4	0.000000E+0	0.000000E+0
2.781717E+4	-9.922600E-4	1.262890E+4	0.000000E+0	0.000000E+0
2.787719E+4	-9.922300E-4	1.262940E+4	0.000000E+0	0.000000E+0
2.793715E+4	-9.922000E-4	1.262950E+4	0.000000E+0	0.000000E+0
2.799720E+4	-9.922600E-4	1.263080E+4	0.000000E+0	0.000000E+0
2.805719E+4	-9.922200E-4	1.263180E+4	0.000000E+0	0.000000E+0
2.811724E+4	-9.922300E-4	1.263270E+4	0.000000E+0	0.000000E+0
2.817717E+4	-9.922700E-4	1.263310E+4	0.000000E+0	0.000000E+0
2.823717E+4	-9.922400E-4	1.263360E+4	0.000000E+0	0.000000E+0
2.829719E+4	-9.923500E-4	1.263400E+4	0.000000E+0	0.000000E+0
2.835721E+4	-9.923200E-4	1.263490E+4	0.000000E+0	0.000000E+0
2.841718E+4	-9.922900E-4	1.263620E+4	0.000000E+0	0.000000E+0
2.847721E+4	-9.923600E-4	1.263660E+4	0.000000E+0	0.000000E+0
2.853721E+4	-9.923200E-4	1.263750E+4	0.000000E+0	0.000000E+0
2.859717E+4	-9.924500E-4	1.263810E+4	0.000000E+0	0.000000E+0
2.865719E+4	-9.924400E-4	1.263910E+4	0.000000E+0	0.000000E+0
2.871721E+4	-9.924400E-4	1.263990E+4	0.000000E+0	0.000000E+0
2.877722E+4	-9.923900E-4	1.264120E+4	0.000000E+0	0.000000E+0
2.883725E+4	-9.923800E-4	1.264170E+4	0.000000E+0	0.000000E+0
2.889725E+4	-9.923300E-4	1.264210E+4	0.000000E+0	0.000000E+0
2.895725E+4	-9.923400E-4	1.264350E+4	0.000000E+0	0.000000E+0
2.901725E+4	-9.923600E-4	1.264390E+4	0.000000E+0	0.000000E+0
2.907720E+4	-9.924200E-4	1.264430E+4	0.000000E+0	0.000000E+0
2.913722E+4	-9.924900E-4	1.264480E+4	0.000000E+0	0.000000E+0
2.919725E+4	-9.924900E-4	1.264580E+4	0.000000E+0	0.000000E+0
2.925720E+4	-9.925300E-4	1.264650E+4	0.000000E+0	0.000000E+0
2.931722E+4	-9.924500E-4	1.264650E+4	0.000000E+0	0.000000E+0
2.937724E+4	-9.925200E-4	1.264750E+4	0.000000E+0	0.000000E+0
2.943724E+4	-9.925000E-4	1.264820E+4	0.000000E+0	0.000000E+0
2.949726E+4	-9.925700E-4	1.264900E+4	0.000000E+0	0.000000E+0
2.955720E+4	-9.925000E-4	1.264990E+4	0.000000E+0	0.000000E+0
2.961722E+4	-9.924900E-4	1.265030E+4	0.000000E+0	0.000000E+0
2.967724E+4	-9.926000E-4	1.265110E+4	0.000000E+0	0.000000E+0
2.973726E+4	-9.925900E-4	1.265180E+4	0.000000E+0	0.000000E+0
2.979724E+4	-9.926000E-4	1.265260E+4	0.000000E+0	0.000000E+0
2.985725E+4	-9.924700E-4	1.265290E+4	0.000000E+0	0.000000E+0
2.991721E+4	-9.925400E-4	1.265350E+4	0.000000E+0	0.000000E+0
2.997725E+4	-9.924200E-4	1.265430E+4	0.000000E+0	0.000000E+0
3.003719E+4	-9.926300E-4	1.265530E+4	0.000000E+0	0.000000E+0
3.009724E+4	-9.926000E-4	1.265530E+4	0.000000E+0	0.000000E+0
3.015725E+4	-9.925700E-4	1.265700E+4	0.000000E+0	0.000000E+0
3.021719E+4	-9.922300E-4	1.265710E+4	0.000000E+0	0.000000E+0
3.027719E+4	-9.921400E-4	1.265760E+4	0.000000E+0	0.000000E+0
3.033718E+4	-9.921400E-4	1.265890E+4	0.000000E+0	0.000000E+0
3.039719E+4	-9.921600E-4	1.265890E+4	0.000000E+0	0.000000E+0
3.045720E+4	-9.922500E-4	1.265960E+4	0.000000E+0	0.000000E+0
3.051720E+4	-9.922900E-4	1.266030E+4	0.000000E+0	0.000000E+0
3.057719E+4	-9.922200E-4	1.266110E+4	0.000000E+0	0.000000E+0
3.063720E+4	-9.923000E-4	1.266170E+4	0.000000E+0	0.000000E+0
3.069720E+4	-9.922900E-4	1.266200E+4	0.000000E+0	0.000000E+0
3.075716E+4	-9.923400E-4	1.266220E+4	0.000000E+0	0.000000E+0
3.081717E+4	-9.923400E-4	1.266390E+4	0.000000E+0	0.000000E+0
3.087717E+4	-9.924000E-4	1.266390E+4	0.000000E+0	0.000000E+0
3.093718E+4	-9.923100E-4	1.266480E+4	0.000000E+0	0.000000E+0
3.099718E+4	-9.922900E-4	1.266550E+4	0.000000E+0	0.000000E+0
3.105718E+4	-9.923100E-4	1.266680E+4	0.000000E+0	0.000000E+0
3.111716E+4	-9.922500E-4	1.266770E+4	0.000000E+0	0.000000E+0
3.117718E+4	-9.922700E-4	1.266840E+4	0.000000E+0	0.000000E+0
3.123717E+4	-9.924100E-4	1.266940E+4	0.000000E+0	0.000000E+0
3.129723E+4	-9.925100E-4	1.267020E+4	0.000000E+0	0.000000E+0
3.135722E+4	-9.923200E-4	1.267090E+4	0.000000E+0	0.000000E+0
3.141717E+4	-9.922800E-4	1.267130E+4	0.000000E+0	0.000000E+0
3.147718E+4	-9.922900E-4	1.267170E+4	0.000000E+0	0.000000E+0
3.153719E+4	-9.922800E-4	1.267280E+4	0.000000E+0	0.000000E+0
3.159719E+4	-9.923400E-4	1.267270E+4	0.000000E+0	0.000000E+0
3.165719E+4	-9.923400E-4	1.267420E+4	0.000000E+0	0.000000E+0
3.171727E+4	-9.922500E-4	1.267500E+4	0.000000E+0	0.000000E+0
3.177715E+4	-9.922400E-4	1.267630E+4	0.000000E+0	0.000000E+0
3.183717E+4	-9.922700E-4	1.267670E+4	0.000000E+0	0.000000E+0
3.189716E+4	-9.923600E-4	1.267690E+4	0.000000E+0	0.000000E+0
3.195718E+4	-9.923800E-4	1.267740E+4	0.000000E+0	0.000000E+0
3.201718E+4	-9.924400E-4	1.267790E+4	0.000000E+0	0.000000E+0
3.207717E+4	-9.923200E-4	1.267890E+4	0.000000E+0	0.000000E+0
3.213716E+4	-9.923300E-4	1.267960E+4	0.000000E+0	0.000000E+0
3.219717E+4	-9.922300E-4	1.268010E+4	0.000000E+0	0.000000E+0
3.225721E+4	-9.923500E-4	1.268120E+4	0.000000E+0	0.000000E+0
3.231716E+4	-9.923300E-4	1.268120E+4	0.000000E+0	0.000000E+0
3.237717E+4	-9.923900E-4	1.268180E+4	0.000000E+0	0.000000E+0
3.243719E+4	-9.925200E-4	1.268210E+4	0.000000E+0	0.000000E+0
3.249719E+4	-9.923500E-4	1.268300E+4	0.000000E+0	0.000000E+0
3.255718E+4	-9.924200E-4	1.268320E+4	0.000000E+0	0.000000E+0
3.261719E+4	-9.924600E-4	1.268390E+4	0.000000E+0	0.000000E+0
3.267722E+4	-9.924200E-4	1.268380E+4	0.000000E+0	0.000000E+0
3.273716E+4	-9.923900E-4	1.268530E+4	0.000000E+0	0.000000E+0
3.279717E+4	-9.923500E-4	1.268580E+4	0.000000E+0	0.000000E+0
3.285719E+4	-9.922800E-4	1.268640E+4	0.000000E+0	0.000000E+0
3.291720E+4	-9.923200E-4	1.268620E+4	0.000000E+0	0.000000E+0
3.297722E+4	-9.923500E-4	1.268730E+4	0.000000E+0	0.000000E+0
3.303722E+4	-9.923300E-4	1.268790E+4	0.000000E+0	0.000000E+0
3.309718E+4	-9.923400E-4	1.268900E+4	0.000000E+0	0.000000E+0
3.315718E+4	-9.923800E-4	1.268860E+4	0.000000E+0	0.000000E+0
3.321718E+4	-9.923700E-4	1.268900E+4	0.000000E+0	0.000000E+0
3.327720E+4	-9.924200E-4	1.269060E+4	0.000000E+0	0.000000E+0
3.333720E+4	-9.924300E-4	1.269060E+4	0.000000E+0	0.000000E+0
3.339718E+4	-9.924200E-4	1.269130E+4	0.000000E+0	0.000000E+0
3.345719E+4	-9.923600E-4	1.269120E+4	0.000000E+0	0.000000E+0
3.351719E+4	-9.923400E-4	1.269180E+4	0.000000E+0	0.000000E+0
3.357719E+4	-9.923600E-4	1.269290E+4	0.000000E+0	0.000000E+0
3.363719E+4	-9.924400E-4	1.269340E+4	0.000000E+0	0.000000E+0
3.369718E+4	-9.924200E-4	1.269350E+4	0.000000E+0	0.000000E+0
3.375718E+4	-9.924400E-4	1.269420E+4	0.000000E+0	0.000000E+0
3.381717E+4	-9.924900E-4	1.269480E+4	0.000000E+0	0.000000E+0
3.387721E+4	-9.926000E-4	1.269520E+4	0.000000E+0	0.000000E+0
3.393721E+4	-9.924100E-4	1.269510E+4	0.000000E+0	0.000000E+0
3.399717E+4	-9.924500E-4	1.269650E+4	0.000000E+0	0.000000E+0
3.405720E+4	-9.923500E-4	1.269690E+4	0.000000E+0	0.000000E+0
3.411722E+4	-9.923400E-4	1.269710E+4	0.000000E+0	0.000000E+0
3.417719E+4	-9.923000E-4	1.269700E+4	0.000000E+0	0.000000E+0
3.423721E+4	-9.922600E-4	1.269810E+4	0.000000E+0	0.000000E+0
3.429721E+4	-9.923200E-4	1.269910E+4	0.000000E+0	0.000000E+0
3.435722E+4	-9.922500E-4	1.269920E+4	0.000000E+0	0.000000E+0
3.441724E+4	-9.923900E-4	1.269990E+4	0.000000E+0	0.000000E+0
3.447714E+4	-9.922700E-4	1.270010E+4	0.000000E+0	0.000000E+0
3.453716E+4	-9.922300E-4	1.270100E+4	0.000000E+0	0.000000E+0
3.459716E+4	-9.922700E-4	1.270140E+4	0.000000E+0	0.000000E+0
3.465716E+4	-9.923200E-4	1.270170E+4	0.000000E+0	0.000000E+0
3.471717E+4	-9.924200E-4	1.270250E+4	0.000000E+0	0.000000E+0
3.477716E+4	-9.922700E-4	1.270400E+4	0.000000E+0	0.000000E+0
3.483718E+4	-9.923000E-4	1.270480E+4	0.000000E+0	0.000000E+0
3.489713E+4	-9.922600E-4	1.270530E+4	0.000000E+0	0.000000E+0
3.495716E+4	-9.922700E-4	1.270560E+4	0.000000E+0	0.000000E+0
3.501718E+4	-9.922200E-4	1.270680E+4	0.000000E+0	0.000000E+0
3.507725E+4	-9.923000E-4	1.270710E+4	0.000000E+0	0.000000E+0
3.513714E+4	-9.923300E-4	1.270650E+4	0.000000E+0	0.000000E+0
3.519717E+4	-9.923300E-4	1.270710E+4	0.000000E+0	0.000000E+0
3.525716E+4	-9.922900E-4	1.270780E+4	0.000000E+0	0.000000E+0
3.531716E+4	-9.923700E-4	1.270780E+4	0.000000E+0	0.000000E+0
3.537716E+4	-9.923800E-4	1.270960E+4	0.000000E+0	0.000000E+0
3.543718E+4	-9.923200E-4	1.271020E+4	0.000000E+0	0.000000E+0
3.549718E+4	-9.924200E-4	1.271080E+4	0.000000E+0	0.000000E+0
3.555715E+4	-9.923700E-4	1.271130E+4	0.000000E+0	0.000000E+0
3.561716E+4	-9.923700E-4	1.271110E+4	0.000000E+0	0.000000E+0
3.567717E+4	-9.922600E-4	1.271230E+4	0.000000E+0	0.000000E+0
3.573717E+4	-9.923100E-4	1.271270E+4	0.000000E+0	0.000000E+0
3.579717E+4	-9.923100E-4	1.271280E+4	0.000000E+0	0.000000E+0
3.585717E+4	-9.923500E-4	1.271410E+4	0.000000E+0	0.000000E+0
3.591716E+4	-9.923900E-4	1.271470E+4	0.000000E+0	0.000000E+0
3.597717E+4	-9.924400E-4	1.271440E+4	0.000000E+0	0.000000E+0
3.603720E+4	-9.923600E-4	1.271550E+4	0.000000E+0	0.000000E+0
3.609721E+4	-9.923800E-4	1.271610E+4	0.000000E+0	0.000000E+0
3.615722E+4	-9.925400E-4	1.271650E+4	0.000000E+0	0.000000E+0
3.621721E+4	-9.924700E-4	1.271750E+4	0.000000E+0	0.000000E+0
3.627722E+4	-9.925500E-4	1.271780E+4	0.000000E+0	0.000000E+0
3.633722E+4	-9.924600E-4	1.271790E+4	0.000000E+0	0.000000E+0
3.639721E+4	-9.923900E-4	1.271900E+4	0.000000E+0	0.000000E+0
3.645721E+4	-9.924600E-4	1.271980E+4	0.000000E+0	0.000000E+0
3.651722E+4	-9.924300E-4	1.272020E+4	0.000000E+0	0.000000E+0
3.657723E+4	-9.925100E-4	1.272020E+4	0.000000E+0	0.000000E+0
3.663720E+4	-9.923200E-4	1.272050E+4	0.000000E+0	0.000000E+0
3.669721E+4	-9.924400E-4	1.272140E+4	0.000000E+0	0.000000E+0
3.675723E+4	-9.924500E-4	1.272200E+4	0.000000E+0	0.000000E+0
3.681718E+4	-9.925500E-4	1.272230E+4	0.000000E+0	0.000000E+0
3.687721E+4	-9.926000E-4	1.272320E+4	0.000000E+0	0.000000E+0
3.693721E+4	-9.924800E-4	1.272310E+4	0.000000E+0	0.000000E+0
3.699721E+4	-9.926100E-4	1.272420E+4	0.000000E+0	0.000000E+0
3.705722E+4	-9.926100E-4	1.272440E+4	0.000000E+0	0.000000E+0
3.711719E+4	-9.926200E-4	1.272460E+4	0.000000E+0	0.000000E+0
3.717720E+4	-9.925800E-4	1.272520E+4	0.000000E+0	0.000000E+0
3.723721E+4	-9.926000E-4	1.272580E+4	0.000000E+0	0.000000E+0
3.729722E+4	-9.926100E-4	1.272640E+4	0.000000E+0	0.000000E+0
3.735722E+4	-9.925700E-4	1.272720E+4	0.000000E+0	0.000000E+0
3.741722E+4	-9.926300E-4	1.272730E+4	0.000000E+0	0.000000E+0
3.747723E+4	-9.927000E-4	1.272760E+4	0.000000E+0	0.000000E+0
3.753720E+4	-9.926500E-4	1.272840E+4	0.000000E+0	0.000000E+0
3.759726E+4	-9.926500E-4	1.272890E+4	0.000000E+0	0.000000E+0
3.765725E+4	-9.926500E-4	1.272950E+4	0.000000E+0	0.000000E+0
3.771722E+4	-9.926300E-4	1.272980E+4	0.000000E+0	0.000000E+0
3.777726E+4	-9.926700E-4	1.273010E+4	0.000000E+0	0.000000E+0
3.783726E+4	-9.927400E-4	1.273070E+4	0.000000E+0	0.000000E+0
3.789717E+4	-9.927900E-4	1.273080E+4	0.000000E+0	0.000000E+0
3.795722E+4	-9.927600E-4	1.273140E+4	0.000000E+0	0.000000E+0
3.801724E+4	-9.926700E-4	1.273170E+4	0.000000E+0	0.000000E+0
3.807723E+4	-9.927200E-4	1.273200E+4	0.000000E+0	0.000000E+0
3.813724E+4	-9.926900E-4	1.273330E+4	0.000000E+0	0.000000E+0
3.819725E+4	-9.927100E-4	1.273370E+4	0.000000E+0	0.000000E+0
3.825722E+4	-9.927700E-4	1.273340E+4	0.000000E+0	0.000000E+0
3.831725E+4	-9.928300E-4	1.273440E+4	0.000000E+0	0.000000E+0
3.837727E+4	-9.927900E-4	1.273440E+4	0.000000E+0	0.000000E+0
3.843726E+4	-9.928000E-4	1.273550E+4	0.000000E+0	0.000000E+0
3.849726E+4	-9.927400E-4	1.273540E+4	0.000000E+0	0.000000E+0
3.855724E+4	-9.927700E-4	1.273590E+4	0.000000E+0	0.000000E+0
3.861715E+4	-9.927100E-4	1.273650E+4	0.000000E+0	0.000000E+0
3.867718E+4	-9.927800E-4	1.273640E+4	0.000000E+0	0.000000E+0
3.873718E+4	-9.927900E-4	1.273700E+4	0.000000E+0	0.000000E+0
3.879721E+4	-9.927900E-4	1.273730E+4	0.000000E+0	0.000000E+0
3.885714E+4	-9.927900E-4	1.273820E+4	0.000000E+0	0.000000E+0
3.891715E+4	-9.928200E-4	1.273810E+4	0.000000E+0	0.000000E+0
3.897721E+4	-9.927800E-4	1.273860E+4	0.000000E+0	0.000000E+0
3.903716E+4	-9.928000E-4	1.273870E+4	0.000000E+0	0.000000E+0
3.909719E+4	-9.928500E-4	1.273900E+4	0.000000E+0	0.000000E+0
3.915722E+4	-9.928300E-4	1.273940E+4	0.000000E+0	0.000000E+0
3.921723E+4	-9.927600E-4	1.274010E+4	0.000000E+0	0.000000E+0
3.927718E+4	-9.928100E-4	1.274070E+4	0.000000E+0	0.000000E+0
3.933719E+4	-9.928500E-4	1.274110E+4	0.000000E+0	0.000000E+0
3.939720E+4	-9.927900E-4	1.274090E+4	0.000000E+0	0.000000E+0
3.945726E+4	-9.928600E-4	1.274160E+4	0.000000E+0	0.000000E+0
3.951721E+4	-9.929400E-4	1.274240E+4	0.000000E+0	0.000000E+0
3.957722E+4	-9.929100E-4	1.274250E+4	0.000000E+0	0.000000E+0
3.963720E+4	-9.929500E-4	1.274310E+4	0.000000E+0	0.000000E+0
3.969723E+4	-9.931300E-4	1.274290E+4	0.000000E+0	0.000000E+0
3.975716E+4	-9.931000E-4	1.274370E+4	0.000000E+0	0.000000E+0
3.981723E+4	-9.930900E-4	1.274410E+4	0.000000E+0	0.000000E+0
3.987724E+4	-9.930700E-4	1.274450E+4	0.000000E+0	0.000000E+0
3.993720E+4	-9.932600E-4	1.274460E+4	0.000000E+0	0.000000E+0
3.999723E+4	-9.932400E-4	1.274520E+4	0.000000E+0	0.000000E+0
4.005723E+4	-9.933000E-4	1.274610E+4	0.000000E+0	0.000000E+0
4.011715E+4	-9.933700E-4	1.274620E+4	0.000000E+0	0.000000E+0
4.017719E+4	-9.933500E-4	1.274640E+4	0.000000E+0	0.000000E+0
4.023721E+4	-9.934200E-4	1.274680E+4	0.000000E+0	0.000000E+0
4.029722E+4	-9.934900E-4	1.274690E+4	0.000000E+0	0.000000E+0
4.035720E+4	-9.935400E-4	1.274820E+4	0.000000E+0	0.000000E+0
4.041723E+4	-9.935100E-4	1.274850E+4	0.000000E+0	0.000000E+0
4.047715E+4	-9.935800E-4	1.274950E+4	0.000000E+0	0.000000E+0
4.053718E+4	-9.936500E-4	1.274840E+4	0.000000E+0	0.000000E+0
4.059722E+4	-9.938400E-4	1.274920E+4	0.000000E+0	0.000000E+0
4.065718E+4	-9.938800E-4	1.275010E+4	0.000000E+0	0.000000E+0
4.071720E+4	-9.938000E-4	1.275010E+4	0.000000E+0	0.000000E+0
4.077719E+4	-9.938300E-4	1.275020E+4	0.000000E+0	0.000000E+0
4.083721E+4	-9.938800E-4	1.275070E+4	0.000000E+0	0.000000E+0
4.089717E+4	-9.938800E-4	1.275030E+4	0.000000E+0	0.000000E+0
4.095719E+4	-9.939600E-4	1.275100E+4	0.000000E+0	0.000000E+0
4.101722E+4	-9.939400E-4	1.275210E+4	0.000000E+0	0.000000E+0
4.107721E+4	-9.939300E-4	1.275200E+4	0.000000E+0	0.000000E+0
4.113728E+4	-9.939200E-4	1.275160E+4	0.000000E+0	0.000000E+0
4.119718E+4	-9.944800E-4	1.275160E+4	0.000000E+0	0.000000E+0
4.125719E+4	-9.946100E-4	1.275260E+4	0.000000E+0	0.000000E+0
4.131719E+4	-9.948200E-4	1.275360E+4	0.000000E+0	0.000000E+0
4.137721E+4	-9.950200E-4	1.275460E+4	0.000000E+0	0.000000E+0
4.143717E+4	-9.951100E-4	1.275410E+4	0.000000E+0	0.000000E+0
4.149719E+4	-9.951500E-4	1.275450E+4	0.000000E+0	0.000000E+0
4.155722E+4	-9.950700E-4	1.275470E+4	0.000000E+0	0.000000E+0
4.161724E+4	-9.951300E-4	1.275560E+4	0.000000E+0	0.000000E+0
4.167725E+4	-9.952200E-4	1.275580E+4	0.000000E+0	0.000000E+0
4.173723E+4	-9.954000E-4	1.275640E+4	0.000000E+0	0.000000E+0
4.179724E+4	-9.953000E-4	1.275660E+4	0.000000E+0	0.000000E+0
4.185722E+4	-9.953400E-4	1.275750E+4	0.000000E+0	0.000000E+0
4.191724E+4	-9.953500E-4	1.275730E+4	0.000000E+0	0.000000E+0
4.197723E+4	-9.954600E-4	1.275760E+4	0.000000E+0	0.000000E+0
4.203724E+4	-9.953700E-4	1.275780E+4	0.000000E+0	0.000000E+0
4.209724E+4	-9.954900E-4	1.275790E+4	0.000000E+0	0.000000E+0
4.215726E+4	-9.955400E-4	1.275850E+4	0.000000E+0	0.000000E+0
4.221726E+4	-9.955600E-4	1.275840E+4	0.000000E+0	0.000000E+0
4.227725E+4	-9.955800E-4	1.275920E+4	0.000000E+0	0.000000E+0
4.233726E+4	-9.955600E-4	1.275890E+4	0.000000E+0	0.000000E+0
4.239725E+4	-9.955600E-4	1.275950E+4	0.000000E+0	0.000000E+0
4.245719E+4	-9.956400E-4	1.275910E+4	0.000000E+0	0.000000E+0
4.251723E+4	-9.956300E-4	1.276020E+4	0.000000E+0	0.000000E+0
4.257724E+4	-9.956100E-4	1.276040E+4	0.000000E+0	0.000000E+0
4.263724E+4	-9.955600E-4	1.276060E+4	0.000000E+0	0.000000E+0
4.269725E+4	-9.955900E-4	1.276090E+4	0.000000E+0	0.000000E+0
4.275724E+4	-9.956700E-4	1.276140E+4	0.000000E+0	0.000000E+0
4.281723E+4	-9.956400E-4	1.276160E+4	0.000000E+0	0.000000E+0
4.287725E+4	-9.956400E-4	1.276160E+4	0.000000E+0	0.000000E+0
4.293725E+4	-9.956400E-4	1.276220E+4	0.000000E+0	0.000000E+0
4.299724E+4	-9.956000E-4	1.276250E+4	0.000000E+0	0.000000E+0
4.305720E+4	-9.956600E-4	1.276210E+4	0.000000E+0	0.000000E+0
4.311721E+4	-9.956600E-4	1.276320E+4	0.000000E+0	0.000000E+0
4.317723E+4	-9.956900E-4	1.276280E+4	0.000000E+0	0.000000E+0
4.323727E+4	-9.956500E-4	1.276340E+4	0.000000E+0	0.000000E+0
4.329729E+4	-9.956700E-4	1.276410E+4	0.000000E+0	0.000000E+0
4.335720E+4	-9.958000E-4	1.276420E+4	0.000000E+0	0.000000E+0
4.341723E+4	-9.956400E-4	1.276490E+4	0.000000E+0	0.000000E+0
4.347725E+4	-9.956700E-4	1.276450E+4	0.000000E+0	0.000000E+0
4.353728E+4	-9.956500E-4	1.276520E+4	0.000000E+0	0.000000E+0
4.359721E+4	-9.957400E-4	1.276610E+4	0.000000E+0	0.000000E+0
4.365724E+4	-9.956600E-4	1.276580E+4	0.000000E+0	0.000000E+0
4.371724E+4	-9.956800E-4	1.276610E+4	0.000000E+0	0.000000E+0
4.377724E+4	-9.956900E-4	1.276630E+4	0.000000E+0	0.000000E+0
4.383723E+4	-9.956900E-4	1.276710E+4	0.000000E+0	0.000000E+0
4.389723E+4	-9.958000E-4	1.276730E+4	0.000000E+0	0.000000E+0
4.395724E+4	-9.956600E-4	1.276750E+4	0.000000E+0	0.000000E+0
4.401725E+4	-9.956700E-4	1.276750E+4	0.000000E+0	0.000000E+0
4.407721E+4	-9.957900E-4	1.276780E+4	0.000000E+0	0.000000E+0
4.413725E+4	-9.957300E-4	1.276780E+4	0.000000E+0	0.000000E+0
4.419728E+4	-9.957800E-4	1.276870E+4	0.000000E+0	0.000000E+0
4.425720E+4	-9.958400E-4	1.276900E+4	0.000000E+0	0.000000E+0
4.431721E+4	-9.957300E-4	1.276940E+4	0.000000E+0	0.000000E+0
4.437723E+4	-9.956800E-4	1.276950E+4	0.000000E+0	0.000000E+0
4.443722E+4	-9.958400E-4	1.276940E+4	0.000000E+0	0.000000E+0
4.449726E+4	-9.957600E-4	1.276970E+4	0.000000E+0	0.000000E+0
4.455722E+4	-9.958600E-4	1.277000E+4	0.000000E+0	0.000000E+0
4.461722E+4	-9.958200E-4	1.277040E+4	0.000000E+0	0.000000E+0
4.467722E+4	-9.958800E-4	1.277080E+4	0.000000E+0	0.000000E+0
4.473716E+4	-9.958300E-4	1.277100E+4	0.000000E+0	0.000000E+0
4.479717E+4	-9.958300E-4	1.277100E+4	0.000000E+0	0.000000E+0
4.485718E+4	-9.958200E-4	1.277200E+4	0.000000E+0	0.000000E+0
4.491718E+4	-9.958000E-4	1.277170E+4	0.000000E+0	0.000000E+0
4.497716E+4	-9.958100E-4	1.277220E+4	0.000000E+0	0.000000E+0
4.503719E+4	-9.958100E-4	1.277200E+4	0.000000E+0	0.000000E+0
4.509718E+4	-9.958400E-4	1.277210E+4	0.000000E+0	0.000000E+0
4.515717E+4	-9.957800E-4	1.277250E+4	0.000000E+0	0.000000E+0
4.521718E+4	-9.957800E-4	1.277310E+4	0.000000E+0	0.000000E+0
4.527716E+4	-9.957300E-4	1.277320E+4	0.000000E+0	0.000000E+0
4.533719E+4	-9.957300E-4	1.277290E+4	0.000000E+0	0.000000E+0
4.539715E+4	-9.957700E-4	1.277300E+4	0.000000E+0	0.000000E+0
4.545716E+4	-9.958200E-4	1.277370E+4	0.000000E+0	0.000000E+0
4.551720E+4	-9.958200E-4	1.277340E+4	0.000000E+0	0.000000E+0
4.557721E+4	-9.957800E-4	1.277340E+4	0.000000E+0	0.000000E+0
4.563714E+4	-9.957100E-4	1.277360E+4	0.000000E+0	0.000000E+0
4.569716E+4	-9.957800E-4	1.277380E+4	0.000000E+0	0.000000E+0
4.575717E+4	-9.958800E-4	1.277390E+4	0.000000E+0	0.000000E+0
4.581717E+4	-9.958100E-4	1.277450E+4	0.000000E+0	0.000000E+0
4.587717E+4	-9.958500E-4	1.277450E+4	0.000000E+0	0.000000E+0
4.593716E+4	-9.959600E-4	1.277430E+4	0.000000E+0	0.000000E+0
4.599717E+4	-9.959100E-4	1.277390E+4	0.000000E+0	0.000000E+0
4.605717E+4	-9.959000E-4	1.277440E+4	0.000000E+0	0.000000E+0
4.611717E+4	-9.959300E-4	1.277550E+4	0.000000E+0	0.000000E+0
4.617717E+4	-9.959000E-4	1.277520E+4	0.000000E+0	0.000000E+0
4.623717E+4	-9.959100E-4	1.277530E+4	0.000000E+0	0.000000E+0
4.629716E+4	-9.958900E-4	1.277600E+4	0.000000E+0	0.000000E+0
4.635717E+4	-9.959100E-4	1.277640E+4	0.000000E+0	0.000000E+0
4.641717E+4	-9.959500E-4	1.277580E+4	0.000000E+0	0.000000E+0
4.647719E+4	-9.959400E-4	1.277640E+4	0.000000E+0	0.000000E+0
4.653717E+4	-9.959800E-4	1.277640E+4	0.000000E+0	0.000000E+0
4.659722E+4	-9.959500E-4	1.277700E+4	0.000000E+0	0.000000E+0
4.665714E+4	-9.960100E-4	1.277730E+4	0.000000E+0	0.000000E+0
4.671716E+4	-9.960300E-4	1.277730E+4	0.000000E+0	0.000000E+0
4.677716E+4	-9.960200E-4	1.277810E+4	0.000000E+0	0.000000E+0
4.683717E+4	-9.959300E-4	1.277880E+4	0.000000E+0	0.000000E+0
4.689717E+4	-9.960200E-4	1.277890E+4	0.000000E+0	0.000000E+0
4.695716E+4	-9.959500E-4	1.277890E+4	0.000000E+0	0.000000E+0
4.701718E+4	-9.960000E-4	1.277850E+4	0.000000E+0	0.000000E+0
4.707717E+4	-9.959300E-4	1.277920E+4	0.000000E+0	0.000000E+0
4.713717E+4	-9.959300E-4	1.277940E+4	0.000000E+0	0.000000E+0
4.719717E+4	-9.959600E-4	1.277970E+4	0.000000E+0	0.000000E+0
4.725717E+4	-9.959600E-4	1.277960E+4	0.000000E+0	0.000000E+0
4.731717E+4	-9.959600E-4	1.277990E+4	0.000000E+0	0.000000E+0
4.737718E+4	-9.961200E-4	1.278010E+4	0.000000E+0	0.000000E+0
4.743718E+4	-9.960200E-4	1.278060E+4	0.000000E+0	0.000000E+0
4.749718E+4	-9.959700E-4	1.278130E+4	0.000000E+0	0.000000E+0
4.755718E+4	-9.959700E-4	1.278170E+4	0.000000E+0	0.000000E+0
4.761716E+4	-9.959100E-4	1.278180E+4	0.000000E+0	0.000000E+0
4.767718E+4	-9.959100E-4	1.278210E+4	0.000000E+0	0.000000E+0
4.773721E+4	-9.959600E-4	1.278260E+4	0.000000E+0	0.000000E+0
4.779716E+4	-9.960400E-4	1.278300E+4	0.000000E+0	0.000000E+0
4.785718E+4	-9.959800E-4	1.278390E+4	0.000000E+0	0.000000E+0
4.791720E+4	-9.960000E-4	1.278370E+4	0.000000E+0	0.000000E+0
4.797715E+4	-9.959700E-4	1.278360E+4	0.000000E+0	0.000000E+0
4.803717E+4	-9.960200E-4	1.278410E+4	0.000000E+0	0.000000E+0
4.809715E+4	-9.960000E-4	1.278440E+4	0.000000E+0	0.000000E+0
4.815716E+4	-9.960100E-4	1.278480E+4	0.000000E+0	0.000000E+0
4.821717E+4	-9.960000E-4	1.278530E+4	0.000000E+0	0.000000E+0
4.827717E+4	-9.959600E-4	1.278590E+4	0.000000E+0	0.000000E+0
4.833717E+4	-9.959800E-4	1.278600E+4	0.000000E+0	0.000000E+0
4.839716E+4	-9.959500E-4	1.278600E+4	0.000000E+0	0.000000E+0
4.845717E+4	-9.960200E-4	1.278640E+4	0.000000E+0	0.000000E+0
4.851717E+4	-9.959700E-4	1.278660E+4	0.000000E+0	0.000000E+0
4.857717E+4	-9.960200E-4	1.278690E+4	0.000000E+0	0.000000E+0
4.863717E+4	-9.959700E-4	1.278710E+4	0.000000E+0	0.000000E+0
4.869717E+4	-9.959300E-4	1.278750E+4	0.000000E+0	0.000000E+0
4.875716E+4	-9.960200E-4	1.278800E+4	0.000000E+0	0.000000E+0
4.881719E+4	-9.959900E-4	1.278850E+4	0.000000E+0	0.000000E+0
4.887717E+4	-9.960400E-4	1.278820E+4	0.000000E+0	0.000000E+0
4.893717E+4	-9.959800E-4	1.278850E+4	0.000000E+0	0.000000E+0
4.899717E+4	-9.959900E-4	1.278900E+4	0.000000E+0	0.000000E+0
4.905719E+4	-9.960500E-4	1.278900E+4	0.000000E+0	0.000000E+0
4.911721E+4	-9.961100E-4	1.278900E+4	0.000000E+0	0.000000E+0
4.917716E+4	-9.960300E-4	1.278950E+4	0.000000E+0	0.000000E+0
4.923723E+4	-9.961200E-4	1.278990E+4	0.000000E+0	0.000000E+0
4.929723E+4	-9.960500E-4	1.279050E+4	0.000000E+0	0.000000E+0
4.935723E+4	-9.961000E-4	1.279060E+4	0.000000E+0	0.000000E+0
4.941718E+4	-9.960700E-4	1.279110E+4	0.000000E+0	0.000000E+0
4.947720E+4	-9.960700E-4	1.279130E+4	0.000000E+0	0.000000E+0
4.953714E+4	-9.960600E-4	1.279040E+4	0.000000E+0	0.000000E+0
4.959716E+4	-9.961100E-4	1.279200E+4	0.000000E+0	0.000000E+0
4.965718E+4	-9.960500E-4	1.279150E+4	0.000000E+0	0.000000E+0
4.971723E+4	-9.960400E-4	1.279210E+4	0.000000E+0	0.000000E+0
4.977717E+4	-9.960100E-4	1.279300E+4	0.000000E+0	0.000000E+0
4.983722E+4	-9.960100E-4	1.279370E+4	0.000000E+0	0.000000E+0
4.989721E+4	-9.961200E-4	1.279460E+4	0.000000E+0	0.000000E+0
4.995718E+4	-9.960500E-4	1.279510E+4	0.000000E+0	0.000000E+0
5.001718E+4	-9.960800E-4	1.279590E+4	0.000000E+0	0.000000E+0
5.007717E+4	-9.960500E-4	1.279630E+4	0.000000E+0	0.000000E+0
5.013720E+4	-9.959500E-4	1.279680E+4	0.000000E+0	0.000000E+0
5.019720E+4	-9.959700E-4	1.279760E+4	0.000000E+0	0.000000E+0
5.025721E+4	-9.959800E-4	1.279780E+4	0.000000E+0	0.000000E+0
5.031721E+4	-9.960200E-4	1.279820E+4	0.000000E+0	0.000000E+0
5.037721E+4	-9.959800E-4	1.279910E+4	0.000000E+0	0.000000E+0
5.043722E+4	-9.959800E-4	1.279940E+4	0.000000E+0	0.000000E+0
5.049720E+4	-9.959700E-4	1.279950E+4	0.000000E+0	0.000000E+0
5.055721E+4	-9.960000E-4	1.279940E+4	0.000000E+0	0.000000E+0
5.061719E+4	-9.959400E-4	1.280040E+4	0.000000E+0	0.000000E+0
5.067720E+4	-9.959800E-4	1.280070E+4	0.000000E+0	0.000000E+0
5.073720E+4	-9.959900E-4	1.280130E+4	0.000000E+0	0.000000E+0
5.079721E+4	-9.959300E-4	1.280130E+4	0.000000E+0	0.000000E+0
5.085719E+4	-9.959000E-4	1.280150E+4	0.000000E+0	0.000000E+0
5.091719E+4	-9.959800E-4	1.280240E+4	0.000000E+0	0.000000E+0
5.097719E+4	-9.958800E-4	1.280310E+4	0.000000E+0	0.000000E+0
5.103720E+4	-9.959700E-4	1.280350E+4	0.000000E+0	0.000000E+0
5.109719E+4	-9.959600E-4	1.280330E+4	0.000000E+0	0.000000E+0
5.115721E+4	-9.959700E-4	1.280340E+4	0.000000E+0	0.000000E+0
5.121720E+4	-9.959700E-4	1.280350E+4	0.000000E+0	0.000000E+0
5.127720E+4	-9.960000E-4	1.280460E+4	0.000000E+0	0.000000E+0
5.133720E+4	-9.960200E-4	1.280410E+4	0.000000E+0	0.000000E+0
5.139719E+4	-9.960200E-4	1.280480E+4	0.000000E+0	0.000000E+0
5.145720E+4	-9.960100E-4	1.280500E+4	0.000000E+0	0.000000E+0
5.151723E+4	-9.960400E-4	1.280460E+4	0.000000E+0	0.000000E+0
5.157724E+4	-9.960500E-4	1.280530E+4	0.000000E+0	0.000000E+0
5.163725E+4	-9.960400E-4	1.280560E+4	0.000000E+0	0.000000E+0
5.169724E+4	-9.959900E-4	1.280590E+4	0.000000E+0	0.000000E+0
5.175725E+4	-9.960300E-4	1.280590E+4	0.000000E+0	0.000000E+0
5.181727E+4	-9.959500E-4	1.280590E+4	0.000000E+0	0.000000E+0
5.187726E+4	-9.960200E-4	1.280590E+4	0.000000E+0	0.000000E+0
5.193727E+4	-9.960500E-4	1.280620E+4	0.000000E+0	0.000000E+0
5.199726E+4	-9.960900E-4	1.280720E+4	0.000000E+0	0.000000E+0
5.205726E+4	-9.960900E-4	1.280730E+4	0.000000E+0	0.000000E+0
5.211727E+4	-9.960300E-4	1.280710E+4	0.000000E+0	0.000000E+0
5.217727E+4	-9.960700E-4	1.280670E+4	0.000000E+0	0.000000E+0
5.223726E+4	-9.960400E-4	1.280710E+4	0.000000E+0	0.000000E+0
5.229726E+4	-9.960600E-4	1.280760E+4	0.000000E+0	0.000000E+0
5.235726E+4	-9.960700E-4	1.280790E+4	0.000000E+0	0.000000E+0
5.241727E+4	-9.960200E-4	1.280840E+4	0.000000E+0	0.000000E+0
5.247727E+4	-9.959700E-4	1.280810E+4	0.000000E+0	0.000000E+0
5.253726E+4	-9.960300E-4	1.280860E+4	0.000000E+0	0.000000E+0
5.259727E+4	-9.960800E-4	1.280860E+4	0.000000E+0	0.000000E+0
5.265727E+4	-9.960600E-4	1.280920E+4	0.000000E+0	0.000000E+0
5.271727E+4	-9.960800E-4	1.280890E+4	0.000000E+0	0.000000E+0
5.277727E+4	-9.960400E-4	1.280930E+4	0.000000E+0	0.000000E+0
5.283727E+4	-9.959900E-4	1.280970E+4	0.000000E+0	0.000000E+0
5.289727E+4	-9.961000E-4	1.280910E+4	0.000000E+0	0.000000E+0
5.295727E+4	-9.960500E-4	1.280920E+4	0.000000E+0	0.000000E+0
5.301727E+4	-9.960200E-4	1.281000E+4	0.000000E+0	0.000000E+0
5.307727E+4	-9.960400E-4	1.281010E+4	0.000000E+0	0.000000E+0
5.313726E+4	-9.960400E-4	1.281000E+4	0.000000E+0	0.000000E+0
5.319726E+4	-9.960200E-4	1.281090E+4	0.000000E+0	0.000000E+0
5.325727E+4	-9.959900E-4	1.281110E+4	0.000000E+0	0.000000E+0
5.331725E+4	-9.961200E-4	1.281140E+4	0.000000E+0	0.000000E+0
5.337726E+4	-9.960900E-4	1.281170E+4	0.000000E+0	0.000000E+0
5.343727E+4	-9.960400E-4	1.281170E+4	0.000000E+0	0.000000E+0
5.349716E+4	-9.959900E-4	1.281220E+4	0.000000E+0	0.000000E+0
5.355725E+4	-9.960900E-4	1.281260E+4	0.000000E+0	0.000000E+0
5.361726E+4	-9.961800E-4	1.281250E+4	0.000000E+0	0.000000E+0
5.367716E+4	-9.960700E-4	1.281250E+4	0.000000E+0	0.000000E+0
5.373727E+4	-9.960200E-4	1.281270E+4	0.000000E+0	0.000000E+0
5.379726E+4	-9.960800E-4	1.281250E+4	0.000000E+0	0.000000E+0
5.385728E+4	-9.960800E-4	1.281310E+4	0.000000E+0	0.000000E+0
5.391727E+4	-9.960400E-4	1.281280E+4	0.000000E+0	0.000000E+0
5.397727E+4	-9.960500E-4	1.281310E+4	0.000000E+0	0.000000E+0
5.403727E+4	-9.960400E-4	1.281360E+4	0.000000E+0	0.000000E+0
5.409726E+4	-9.960900E-4	1.281420E+4	0.000000E+0	0.000000E+0
5.415727E+4	-9.959900E-4	1.281460E+4	0.000000E+0	0.000000E+0
5.421729E+4	-9.960200E-4	1.281460E+4	0.000000E+0	0.000000E+0
5.427727E+4	-9.960200E-4	1.281420E+4	0.000000E+0	0.000000E+0
5.433726E+4	-9.960300E-4	1.281410E+4	0.000000E+0	0.000000E+0
5.439728E+4	-9.960400E-4	1.281440E+4	0.000000E+0	0.000000E+0
5.445726E+4	-9.961200E-4	1.281450E+4	0.000000E+0	0.000000E+0
5.451726E+4	-9.960700E-4	1.281470E+4	0.000000E+0	0.000000E+0
5.457729E+4	-9.960800E-4	1.281560E+4	0.000000E+0	0.000000E+0
5.463727E+4	-9.960800E-4	1.281580E+4	0.000000E+0	0.000000E+0
5.469727E+4	-9.960400E-4	1.281640E+4	0.000000E+0	0.000000E+0
5.475725E+4	-9.960600E-4	1.281580E+4	0.000000E+0	0.000000E+0
5.481724E+4	-9.960500E-4	1.281590E+4	0.000000E+0	0.000000E+0
5.487727E+4	-9.960400E-4	1.281640E+4	0.000000E+0	0.000000E+0
5.493716E+4	-9.959600E-4	1.281650E+4	0.000000E+0	0.000000E+0
5.499730E+4	-9.960400E-4	1.281660E+4	0.000000E+0	0.000000E+0
5.505730E+4	-9.960700E-4	1.281670E+4	0.000000E+0	0.000000E+0
5.511727E+4	-9.960200E-4	1.281680E+4	0.000000E+0	0.000000E+0
5.517728E+4	-9.960500E-4	1.281700E+4	0.000000E+0	0.000000E+0
5.523731E+4	-9.960600E-4	1.281710E+4	0.000000E+0	0.000000E+0
5.529718E+4	-9.960200E-4	1.281730E+4	0.000000E+0	0.000000E+0
5.535717E+4	-9.960600E-4	1.281660E+4	0.000000E+0	0.000000E+0
5.541717E+4	-9.960600E-4	1.281720E+4	0.000000E+0	0.000000E+0
5.547718E+4	-9.960200E-4	1.281720E+4	0.000000E+0	0.000000E+0
5.553729E+4	-9.959900E-4	1.281780E+4	0.000000E+0	0.000000E+0
5.559730E+4	-9.960000E-4	1.281850E+4	0.000000E+0	0.000000E+0
5.565715E+4	-9.960600E-4	1.281840E+4	0.000000E+0	0.000000E+0
5.571717E+4	-9.960700E-4	1.281850E+4	0.000000E+0	0.000000E+0
5.577725E+4	-9.960600E-4	1.281860E+4	0.000000E+0	0.000000E+0
5.583725E+4	-9.960600E-4	1.281820E+4	0.000000E+0	0.000000E+0
5.589724E+4	-9.960200E-4	1.281850E+4	0.000000E+0	0.000000E+0
5.595725E+4	-9.960000E-4	1.281760E+4	0.000000E+0	0.000000E+0
5.601720E+4	-9.960700E-4	1.281730E+4	0.000000E+0	0.000000E+0
5.607725E+4	-9.960400E-4	1.281710E+4	0.000000E+0	0.000000E+0
5.613720E+4	-9.960200E-4	1.281780E+4	0.000000E+0	0.000000E+0
5.619723E+4	-9.960000E-4	1.281770E+4	0.000000E+0	0.000000E+0
5.625725E+4	-9.960800E-4	1.281790E+4	0.000000E+0	0.000000E+0
5.631727E+4	-9.960600E-4	1.281790E+4	0.000000E+0	0.000000E+0
5.637726E+4	-9.960200E-4	1.281790E+4	0.000000E+0	0.000000E+0
5.643726E+4	-9.960200E-4	1.281860E+4	0.000000E+0	0.000000E+0
5.649728E+4	-9.960100E-4	1.281870E+4	0.000000E+0	0.000000E+0
5.655720E+4	-9.960200E-4	1.281860E+4	0.000000E+0	0.000000E+0
5.661725E+4	-9.960700E-4	1.281820E+4	0.000000E+0	0.000000E+0
5.667725E+4	-9.960700E-4	1.281840E+4	0.000000E+0	0.000000E+0
5.673726E+4	-9.961100E-4	1.281840E+4	0.000000E+0	0.000000E+0
5.679728E+4	-9.961100E-4	1.281850E+4	0.000000E+0	0.000000E+0
5.685720E+4	-9.961000E-4	1.281850E+4	0.000000E+0	0.000000E+0
5.691726E+4	-9.961200E-4	1.281830E+4	0.000000E+0	0.000000E+0
5.697727E+4	-9.960900E-4	1.281870E+4	0.000000E+0	0.000000E+0
5.703725E+4	-9.961000E-4	1.281910E+4	0.000000E+0	0.000000E+0
5.709727E+4	-9.960500E-4	1.281860E+4	0.000000E+0	0.000000E+0
5.715727E+4	-9.960600E-4	1.281880E+4	0.000000E+0	0.000000E+0
5.721724E+4	-9.961600E-4	1.281820E+4	0.000000E+0	0.000000E+0
5.727724E+4	-9.961600E-4	1.281870E+4	0.000000E+0	0.000000E+0
5.733724E+4	-9.961900E-4	1.281910E+4	0.000000E+0	0.000000E+0
5.739725E+4	-9.961700E-4	1.281820E+4	0.000000E+0	0.000000E+0
5.745725E+4	-9.961000E-4	1.281810E+4	0.000000E+0	0.000000E+0
5.751729E+4	-9.961000E-4	1.281840E+4	0.000000E+0	0.000000E+0
5.757721E+4	-9.961300E-4	1.281820E+4	0.000000E+0	0.000000E+0
5.763723E+4	-9.961500E-4	1.281850E+4	0.000000E+0	0.000000E+0
5.769724E+4	-9.960700E-4	1.281800E+4	0.000000E+0	0.000000E+0
5.775723E+4	-9.961200E-4	1.281800E+4	0.000000E+0	0.000000E+0
5.781724E+4	-9.961400E-4	1.281820E+4	0.000000E+0	0.000000E+0
5.787723E+4	-9.959600E-4	1.281860E+4	0.000000E+0	0.000000E+0
