
Medición hecha el 2026-06-25  04:22 p.m.

Medición de corriente y tensión en el tiempo con posibilidad de inyectar corriente.
Tiempo	Corriente	Tensión
3.331000E+0	-1.413860E-3	1.235570E+4	0.000000E+0	0.000000E+0
1.599600E+1	-1.413130E-3	1.235490E+4	0.000000E+0	0.000000E+0
7.600600E+1	-1.414710E-3	1.234950E+4	0.000000E+0	0.000000E+0
1.359930E+2	-1.414030E-3	1.234730E+4	0.000000E+0	0.000000E+0
1.959800E+2	-1.414170E-3	1.234590E+4	0.000000E+0	0.000000E+0
2.559890E+2	-1.414390E-3	1.234540E+4	0.000000E+0	0.000000E+0
3.159930E+2	-1.414500E-3	1.234420E+4	0.000000E+0	0.000000E+0
3.759780E+2	-1.414800E-3	1.234470E+4	0.000000E+0	0.000000E+0
4.359760E+2	-1.414950E-3	1.234390E+4	0.000000E+0	0.000000E+0
4.959810E+2	-1.415010E-3	1.234430E+4	0.000000E+0	0.000000E+0
5.559780E+2	-1.415150E-3	1.234490E+4	0.000000E+0	0.000000E+0
6.159770E+2	-1.415160E-3	1.234550E+4	0.000000E+0	0.000000E+0
6.759780E+2	-1.415200E-3	1.234650E+4	0.000000E+0	0.000000E+0
7.359890E+2	-1.415290E-3	1.234730E+4	0.000000E+0	0.000000E+0
7.959790E+2	-1.415300E-3	1.234820E+4	0.000000E+0	0.000000E+0
8.559770E+2	-1.415340E-3	1.235000E+4	0.000000E+0	0.000000E+0
9.159740E+2	-1.415410E-3	1.235170E+4	0.000000E+0	0.000000E+0
9.759790E+2	-1.415510E-3	1.235390E+4	0.000000E+0	0.000000E+0
1.035977E+3	-1.415580E-3	1.235600E+4	0.000000E+0	0.000000E+0
1.095989E+3	-1.415600E-3	1.235800E+4	0.000000E+0	0.000000E+0
1.155981E+3	-1.415620E-3	1.236050E+4	0.000000E+0	0.000000E+0
1.215996E+3	-1.415610E-3	1.236270E+4	0.000000E+0	0.000000E+0
1.275989E+3	-1.415640E-3	1.236480E+4	0.000000E+0	0.000000E+0
1.335989E+3	-1.415610E-3	1.236740E+4	0.000000E+0	0.000000E+0
1.395995E+3	-1.415550E-3	1.236960E+4	0.000000E+0	0.000000E+0
1.455993E+3	-1.415540E-3	1.237310E+4	0.000000E+0	0.000000E+0
1.515996E+3	-1.415480E-3	1.237590E+4	0.000000E+0	0.000000E+0
1.575979E+3	-1.415450E-3	1.237750E+4	0.000000E+0	0.000000E+0
1.635979E+3	-1.415470E-3	1.238100E+4	0.000000E+0	0.000000E+0
1.695982E+3	-1.415430E-3	1.238440E+4	0.000000E+0	0.000000E+0
1.755979E+3	-1.415490E-3	1.238710E+4	0.000000E+0	0.000000E+0
1.815981E+3	-1.415380E-3	1.239010E+4	0.000000E+0	0.000000E+0
1.875974E+3	-1.415380E-3	1.239430E+4	0.000000E+0	0.000000E+0
1.935979E+3	-1.415360E-3	1.239710E+4	0.000000E+0	0.000000E+0
1.995981E+3	-1.415340E-3	1.240030E+4	0.000000E+0	0.000000E+0
2.055974E+3	-1.415220E-3	1.240460E+4	0.000000E+0	0.000000E+0
2.115978E+3	-1.415220E-3	1.240760E+4	0.000000E+0	0.000000E+0
2.175979E+3	-1.415180E-3	1.241140E+4	0.000000E+0	0.000000E+0
2.235981E+3	-1.415200E-3	1.241530E+4	0.000000E+0	0.000000E+0
2.295978E+3	-1.415210E-3	1.241860E+4	0.000000E+0	0.000000E+0
2.355979E+3	-1.415370E-3	1.242380E+4	0.000000E+0	0.000000E+0
2.415979E+3	-1.415450E-3	1.242670E+4	0.000000E+0	0.000000E+0
2.475998E+3	-1.415510E-3	1.242990E+4	0.000000E+0	0.000000E+0
2.535982E+3	-1.415480E-3	1.243360E+4	0.000000E+0	0.000000E+0
2.595987E+3	-1.415480E-3	1.243760E+4	0.000000E+0	0.000000E+0
2.655993E+3	-1.415400E-3	1.244050E+4	0.000000E+0	0.000000E+0
2.715993E+3	-1.415420E-3	1.244510E+4	0.000000E+0	0.000000E+0
2.775989E+3	-1.415550E-3	1.244910E+4	0.000000E+0	0.000000E+0
2.835996E+3	-1.415620E-3	1.245160E+4	0.000000E+0	0.000000E+0
2.895993E+3	-1.415840E-3	1.245480E+4	0.000000E+0	0.000000E+0
2.956019E+3	-1.415870E-3	1.245850E+4	0.000000E+0	0.000000E+0
3.015993E+3	-1.415930E-3	1.246260E+4	0.000000E+0	0.000000E+0
3.075982E+3	-1.415910E-3	1.246530E+4	0.000000E+0	0.000000E+0
3.135996E+3	-1.415880E-3	1.246810E+4	0.000000E+0	0.000000E+0
3.195993E+3	-1.415940E-3	1.247240E+4	0.000000E+0	0.000000E+0
3.255990E+3	-1.415970E-3	1.247570E+4	0.000000E+0	0.000000E+0
3.315982E+3	-1.415910E-3	1.247770E+4	0.000000E+0	0.000000E+0
3.375996E+3	-1.415920E-3	1.248040E+4	0.000000E+0	0.000000E+0
3.435977E+3	-1.415920E-3	1.248450E+4	0.000000E+0	0.000000E+0
3.495979E+3	-1.416000E-3	1.248730E+4	0.000000E+0	0.000000E+0
3.555974E+3	-1.415990E-3	1.249030E+4	0.000000E+0	0.000000E+0
3.615977E+3	-1.416020E-3	1.249230E+4	0.000000E+0	0.000000E+0
3.675993E+3	-1.415990E-3	1.249580E+4	0.000000E+0	0.000000E+0
3.735981E+3	-1.416040E-3	1.249970E+4	0.000000E+0	0.000000E+0
3.795974E+3	-1.416010E-3	1.250270E+4	0.000000E+0	0.000000E+0
3.855974E+3	-1.416010E-3	1.250510E+4	0.000000E+0	0.000000E+0
3.915975E+3	-1.416130E-3	1.250760E+4	0.000000E+0	0.000000E+0
3.976021E+3	-1.416060E-3	1.251020E+4	0.000000E+0	0.000000E+0
4.035987E+3	-1.416130E-3	1.251350E+4	0.000000E+0	0.000000E+0
4.095975E+3	-1.416120E-3	1.251570E+4	0.000000E+0	0.000000E+0
4.155993E+3	-1.416230E-3	1.251830E+4	0.000000E+0	0.000000E+0
4.215976E+3	-1.416220E-3	1.252150E+4	0.000000E+0	0.000000E+0
4.275980E+3	-1.416200E-3	1.252390E+4	0.000000E+0	0.000000E+0
4.335982E+3	-1.416190E-3	1.252590E+4	0.000000E+0	0.000000E+0
4.395973E+3	-1.416210E-3	1.252810E+4	0.000000E+0	0.000000E+0
4.455974E+3	-1.416230E-3	1.253090E+4	0.000000E+0	0.000000E+0
4.515978E+3	-1.416310E-3	1.253320E+4	0.000000E+0	0.000000E+0
4.575975E+3	-1.416320E-3	1.253550E+4	0.000000E+0	0.000000E+0
4.635977E+3	-1.416360E-3	1.253890E+4	0.000000E+0	0.000000E+0
4.695976E+3	-1.416320E-3	1.254080E+4	0.000000E+0	0.000000E+0
4.755987E+3	-1.416320E-3	1.254270E+4	0.000000E+0	0.000000E+0
4.815989E+3	-1.416310E-3	1.254490E+4	0.000000E+0	0.000000E+0
4.875993E+3	-1.416280E-3	1.254660E+4	0.000000E+0	0.000000E+0
4.935975E+3	-1.416310E-3	1.254900E+4	0.000000E+0	0.000000E+0
4.995976E+3	-1.416420E-3	1.255070E+4	0.000000E+0	0.000000E+0
5.055978E+3	-1.416400E-3	1.255290E+4	0.000000E+0	0.000000E+0
5.115980E+3	-1.416410E-3	1.255470E+4	0.000000E+0	0.000000E+0
5.175976E+3	-1.416420E-3	1.255570E+4	0.000000E+0	0.000000E+0
5.235996E+3	-1.416490E-3	1.255830E+4	0.000000E+0	0.000000E+0
5.295974E+3	-1.416410E-3	1.256140E+4	0.000000E+0	0.000000E+0
5.355976E+3	-1.416480E-3	1.256330E+4	0.000000E+0	0.000000E+0
5.415977E+3	-1.416490E-3	1.256570E+4	0.000000E+0	0.000000E+0
5.475973E+3	-1.416460E-3	1.256860E+4	0.000000E+0	0.000000E+0
5.535976E+3	-1.416540E-3	1.257030E+4	0.000000E+0	0.000000E+0
5.595980E+3	-1.416520E-3	1.257310E+4	0.000000E+0	0.000000E+0
5.655976E+3	-1.416500E-3	1.257550E+4	0.000000E+0	0.000000E+0
5.715978E+3	-1.416560E-3	1.257720E+4	0.000000E+0	0.000000E+0
5.775974E+3	-1.416600E-3	1.257940E+4	0.000000E+0	0.000000E+0
5.835971E+3	-1.416620E-3	1.258200E+4	0.000000E+0	0.000000E+0
5.895973E+3	-1.416650E-3	1.258440E+4	0.000000E+0	0.000000E+0
5.955977E+3	-1.416700E-3	1.258680E+4	0.000000E+0	0.000000E+0
6.015975E+3	-1.416690E-3	1.258930E+4	0.000000E+0	0.000000E+0
6.075974E+3	-1.416670E-3	1.259060E+4	0.000000E+0	0.000000E+0
6.135978E+3	-1.416680E-3	1.259380E+4	0.000000E+0	0.000000E+0
6.195977E+3	-1.416720E-3	1.259550E+4	0.000000E+0	0.000000E+0
6.255974E+3	-1.416730E-3	1.259830E+4	0.000000E+0	0.000000E+0
6.315993E+3	-1.416710E-3	1.260160E+4	0.000000E+0	0.000000E+0
6.375977E+3	-1.416750E-3	1.260350E+4	0.000000E+0	0.000000E+0
6.435976E+3	-1.416820E-3	1.260630E+4	0.000000E+0	0.000000E+0
6.495978E+3	-1.416840E-3	1.260830E+4	0.000000E+0	0.000000E+0
6.555977E+3	-1.416810E-3	1.261180E+4	0.000000E+0	0.000000E+0
6.615998E+3	-1.416840E-3	1.261390E+4	0.000000E+0	0.000000E+0
6.675981E+3	-1.416880E-3	1.261680E+4	0.000000E+0	0.000000E+0
6.735996E+3	-1.416880E-3	1.261790E+4	0.000000E+0	0.000000E+0
6.795981E+3	-1.416890E-3	1.262100E+4	0.000000E+0	0.000000E+0
6.855982E+3	-1.416920E-3	1.262330E+4	0.000000E+0	0.000000E+0
6.915989E+3	-1.416970E-3	1.262580E+4	0.000000E+0	0.000000E+0
6.975978E+3	-1.416920E-3	1.262760E+4	0.000000E+0	0.000000E+0
7.036017E+3	-1.416990E-3	1.262950E+4	0.000000E+0	0.000000E+0
7.095981E+3	-1.417010E-3	1.263170E+4	0.000000E+0	0.000000E+0
7.155993E+3	-1.416930E-3	1.263380E+4	0.000000E+0	0.000000E+0
7.215983E+3	-1.417020E-3	1.263480E+4	0.000000E+0	0.000000E+0
7.275976E+3	-1.417060E-3	1.263720E+4	0.000000E+0	0.000000E+0
7.335975E+3	-1.417020E-3	1.263930E+4	0.000000E+0	0.000000E+0
7.395980E+3	-1.417020E-3	1.264150E+4	0.000000E+0	0.000000E+0
7.455975E+3	-1.417110E-3	1.264320E+4	0.000000E+0	0.000000E+0
7.515977E+3	-1.417050E-3	1.264430E+4	0.000000E+0	0.000000E+0
7.575975E+3	-1.417140E-3	1.264640E+4	0.000000E+0	0.000000E+0
7.635978E+3	-1.417140E-3	1.264780E+4	0.000000E+0	0.000000E+0
7.695977E+3	-1.417120E-3	1.264990E+4	0.000000E+0	0.000000E+0
7.755979E+3	-1.417170E-3	1.265180E+4	0.000000E+0	0.000000E+0
7.815975E+3	-1.417230E-3	1.265290E+4	0.000000E+0	0.000000E+0
7.875980E+3	-1.417200E-3	1.265540E+4	0.000000E+0	0.000000E+0
7.935979E+3	-1.417260E-3	1.265710E+4	0.000000E+0	0.000000E+0
7.995998E+3	-1.417250E-3	1.265800E+4	0.000000E+0	0.000000E+0
8.055977E+3	-1.417230E-3	1.266020E+4	0.000000E+0	0.000000E+0
8.115978E+3	-1.417290E-3	1.266300E+4	0.000000E+0	0.000000E+0
8.175991E+3	-1.417330E-3	1.266420E+4	0.000000E+0	0.000000E+0
8.235987E+3	-1.417260E-3	1.266590E+4	0.000000E+0	0.000000E+0
8.295977E+3	-1.417250E-3	1.266730E+4	0.000000E+0	0.000000E+0
8.355974E+3	-1.417350E-3	1.266860E+4	0.000000E+0	0.000000E+0
8.415976E+3	-1.417280E-3	1.267070E+4	0.000000E+0	0.000000E+0
8.475975E+3	-1.417360E-3	1.267210E+4	0.000000E+0	0.000000E+0
8.535980E+3	-1.417330E-3	1.267410E+4	0.000000E+0	0.000000E+0
8.595993E+3	-1.417360E-3	1.267450E+4	0.000000E+0	0.000000E+0
8.656007E+3	-1.417350E-3	1.267750E+4	0.000000E+0	0.000000E+0
8.715982E+3	-1.417380E-3	1.267790E+4	0.000000E+0	0.000000E+0
8.775981E+3	-1.417430E-3	1.267950E+4	0.000000E+0	0.000000E+0
8.835977E+3	-1.417490E-3	1.268130E+4	0.000000E+0	0.000000E+0
8.895978E+3	-1.417440E-3	1.268260E+4	0.000000E+0	0.000000E+0
8.955983E+3	-1.417450E-3	1.268520E+4	0.000000E+0	0.000000E+0
9.015987E+3	-1.417360E-3	1.268620E+4	0.000000E+0	0.000000E+0
9.076024E+3	-1.417500E-3	1.268800E+4	0.000000E+0	0.000000E+0
9.135982E+3	-1.417490E-3	1.268980E+4	0.000000E+0	0.000000E+0
9.195982E+3	-1.417540E-3	1.269140E+4	0.000000E+0	0.000000E+0
9.255987E+3	-1.417440E-3	1.269360E+4	0.000000E+0	0.000000E+0
9.315978E+3	-1.417450E-3	1.269560E+4	0.000000E+0	0.000000E+0
9.375981E+3	-1.417490E-3	1.269720E+4	0.000000E+0	0.000000E+0
9.435993E+3	-1.417530E-3	1.269990E+4	0.000000E+0	0.000000E+0
9.495979E+3	-1.417500E-3	1.270100E+4	0.000000E+0	0.000000E+0
9.555998E+3	-1.417550E-3	1.270300E+4	0.000000E+0	0.000000E+0
9.615987E+3	-1.417580E-3	1.270500E+4	0.000000E+0	0.000000E+0
9.675979E+3	-1.417570E-3	1.270680E+4	0.000000E+0	0.000000E+0
9.735996E+3	-1.417600E-3	1.270810E+4	0.000000E+0	0.000000E+0
9.795978E+3	-1.417550E-3	1.271160E+4	0.000000E+0	0.000000E+0
9.855979E+3	-1.417600E-3	1.271250E+4	0.000000E+0	0.000000E+0
9.915978E+3	-1.417630E-3	1.271480E+4	0.000000E+0	0.000000E+0
9.975975E+3	-1.417680E-3	1.271710E+4	0.000000E+0	0.000000E+0
1.003598E+4	-1.417690E-3	1.271900E+4	0.000000E+0	0.000000E+0
1.009597E+4	-1.417730E-3	1.271980E+4	0.000000E+0	0.000000E+0
1.015598E+4	-1.417670E-3	1.272150E+4	0.000000E+0	0.000000E+0
1.021598E+4	-1.417700E-3	1.272270E+4	0.000000E+0	0.000000E+0
1.027597E+4	-1.417700E-3	1.272520E+4	0.000000E+0	0.000000E+0
1.033598E+4	-1.417680E-3	1.272680E+4	0.000000E+0	0.000000E+0
1.039599E+4	-1.417710E-3	1.272760E+4	0.000000E+0	0.000000E+0
1.045600E+4	-1.417710E-3	1.272880E+4	0.000000E+0	0.000000E+0
1.051600E+4	-1.417730E-3	1.273130E+4	0.000000E+0	0.000000E+0
1.057598E+4	-1.417630E-3	1.273290E+4	0.000000E+0	0.000000E+0
1.063598E+4	-1.417620E-3	1.273520E+4	0.000000E+0	0.000000E+0
1.069600E+4	-1.417610E-3	1.273680E+4	0.000000E+0	0.000000E+0
1.075602E+4	-1.417580E-3	1.273880E+4	0.000000E+0	0.000000E+0
1.081598E+4	-1.417580E-3	1.274040E+4	0.000000E+0	0.000000E+0
1.087598E+4	-1.417570E-3	1.274120E+4	0.000000E+0	0.000000E+0
1.093598E+4	-1.417570E-3	1.274360E+4	0.000000E+0	0.000000E+0
1.099598E+4	-1.417530E-3	1.274450E+4	0.000000E+0	0.000000E+0
1.105598E+4	-1.417420E-3	1.274620E+4	0.000000E+0	0.000000E+0
1.111598E+4	-1.417470E-3	1.274870E+4	0.000000E+0	0.000000E+0
1.117600E+4	-1.417450E-3	1.275050E+4	0.000000E+0	0.000000E+0
1.123597E+4	-1.417490E-3	1.275160E+4	0.000000E+0	0.000000E+0
1.129600E+4	-1.417480E-3	1.275310E+4	0.000000E+0	0.000000E+0
1.135602E+4	-1.417430E-3	1.275470E+4	0.000000E+0	0.000000E+0
1.141598E+4	-1.417380E-3	1.275650E+4	0.000000E+0	0.000000E+0
1.147602E+4	-1.417420E-3	1.275810E+4	0.000000E+0	0.000000E+0
1.153598E+4	-1.417430E-3	1.276050E+4	0.000000E+0	0.000000E+0
1.159598E+4	-1.417430E-3	1.276130E+4	0.000000E+0	0.000000E+0
1.165599E+4	-1.417430E-3	1.276360E+4	0.000000E+0	0.000000E+0
1.171598E+4	-1.417390E-3	1.276590E+4	0.000000E+0	0.000000E+0
1.177600E+4	-1.417330E-3	1.276770E+4	0.000000E+0	0.000000E+0
1.183598E+4	-1.417360E-3	1.277000E+4	0.000000E+0	0.000000E+0
1.189599E+4	-1.417300E-3	1.277080E+4	0.000000E+0	0.000000E+0
1.195600E+4	-1.417350E-3	1.277270E+4	0.000000E+0	0.000000E+0
1.201600E+4	-1.417330E-3	1.277410E+4	0.000000E+0	0.000000E+0
1.207599E+4	-1.417330E-3	1.277670E+4	0.000000E+0	0.000000E+0
1.213602E+4	-1.417420E-3	1.277750E+4	0.000000E+0	0.000000E+0
1.219599E+4	-1.417490E-3	1.277940E+4	0.000000E+0	0.000000E+0
1.225599E+4	-1.417500E-3	1.278040E+4	0.000000E+0	0.000000E+0
1.231602E+4	-1.417460E-3	1.278200E+4	0.000000E+0	0.000000E+0
1.237598E+4	-1.417550E-3	1.278290E+4	0.000000E+0	0.000000E+0
1.243598E+4	-1.417600E-3	1.278460E+4	0.000000E+0	0.000000E+0
1.249598E+4	-1.417650E-3	1.278730E+4	0.000000E+0	0.000000E+0
1.255599E+4	-1.417640E-3	1.278900E+4	0.000000E+0	0.000000E+0
1.261599E+4	-1.417630E-3	1.279060E+4	0.000000E+0	0.000000E+0
1.267598E+4	-1.417520E-3	1.279180E+4	0.000000E+0	0.000000E+0
1.273599E+4	-1.417490E-3	1.279380E+4	0.000000E+0	0.000000E+0
1.279600E+4	-1.417560E-3	1.279520E+4	0.000000E+0	0.000000E+0
1.285600E+4	-1.417590E-3	1.279770E+4	0.000000E+0	0.000000E+0
1.291602E+4	-1.417520E-3	1.279890E+4	0.000000E+0	0.000000E+0
1.297600E+4	-1.417620E-3	1.280110E+4	0.000000E+0	0.000000E+0
1.303598E+4	-1.417620E-3	1.280270E+4	0.000000E+0	0.000000E+0
1.309599E+4	-1.417560E-3	1.280430E+4	0.000000E+0	0.000000E+0
1.315600E+4	-1.417580E-3	1.280590E+4	0.000000E+0	0.000000E+0
1.321598E+4	-1.417640E-3	1.280800E+4	0.000000E+0	0.000000E+0
1.327600E+4	-1.417620E-3	1.280930E+4	0.000000E+0	0.000000E+0
1.333599E+4	-1.417660E-3	1.281080E+4	0.000000E+0	0.000000E+0
1.339597E+4	-1.417660E-3	1.281300E+4	0.000000E+0	0.000000E+0
1.345598E+4	-1.417650E-3	1.281470E+4	0.000000E+0	0.000000E+0
1.351598E+4	-1.417690E-3	1.281670E+4	0.000000E+0	0.000000E+0
1.357597E+4	-1.417650E-3	1.281760E+4	0.000000E+0	0.000000E+0
1.363598E+4	-1.417680E-3	1.281910E+4	0.000000E+0	0.000000E+0
1.369599E+4	-1.417710E-3	1.282000E+4	0.000000E+0	0.000000E+0
1.375599E+4	-1.417730E-3	1.282160E+4	0.000000E+0	0.000000E+0
1.381599E+4	-1.417670E-3	1.282420E+4	0.000000E+0	0.000000E+0
1.387597E+4	-1.417690E-3	1.282530E+4	0.000000E+0	0.000000E+0
1.393598E+4	-1.417670E-3	1.282710E+4	0.000000E+0	0.000000E+0
1.399597E+4	-1.417700E-3	1.282930E+4	0.000000E+0	0.000000E+0
1.405598E+4	-1.417680E-3	1.283060E+4	0.000000E+0	0.000000E+0
1.411598E+4	-1.417710E-3	1.283110E+4	0.000000E+0	0.000000E+0
1.417597E+4	-1.417740E-3	1.283220E+4	0.000000E+0	0.000000E+0
1.423598E+4	-1.417800E-3	1.283500E+4	0.000000E+0	0.000000E+0
1.429597E+4	-1.417820E-3	1.283610E+4	0.000000E+0	0.000000E+0
1.435597E+4	-1.417830E-3	1.283730E+4	0.000000E+0	0.000000E+0
1.441598E+4	-1.417880E-3	1.283890E+4	0.000000E+0	0.000000E+0
1.447598E+4	-1.417930E-3	1.283960E+4	0.000000E+0	0.000000E+0
1.453597E+4	-1.417910E-3	1.284190E+4	0.000000E+0	0.000000E+0
1.459598E+4	-1.417900E-3	1.284260E+4	0.000000E+0	0.000000E+0
1.465598E+4	-1.417820E-3	1.284470E+4	0.000000E+0	0.000000E+0
1.471599E+4	-1.417900E-3	1.284580E+4	0.000000E+0	0.000000E+0
1.477597E+4	-1.417910E-3	1.284730E+4	0.000000E+0	0.000000E+0
1.483602E+4	-1.417980E-3	1.284870E+4	0.000000E+0	0.000000E+0
1.489602E+4	-1.417980E-3	1.285030E+4	0.000000E+0	0.000000E+0
1.495600E+4	-1.417990E-3	1.285240E+4	0.000000E+0	0.000000E+0
1.501599E+4	-1.417960E-3	1.285370E+4	0.000000E+0	0.000000E+0
1.507602E+4	-1.417940E-3	1.285450E+4	0.000000E+0	0.000000E+0
1.513600E+4	-1.417890E-3	1.285580E+4	0.000000E+0	0.000000E+0
1.519598E+4	-1.417920E-3	1.285740E+4	0.000000E+0	0.000000E+0
1.525599E+4	-1.417850E-3	1.285870E+4	0.000000E+0	0.000000E+0
1.531600E+4	-1.417870E-3	1.286060E+4	0.000000E+0	0.000000E+0
1.537597E+4	-1.417870E-3	1.286220E+4	0.000000E+0	0.000000E+0
1.543599E+4	-1.417850E-3	1.286370E+4	0.000000E+0	0.000000E+0
1.549600E+4	-1.417870E-3	1.286510E+4	0.000000E+0	0.000000E+0
1.555598E+4	-1.417790E-3	1.286660E+4	0.000000E+0	0.000000E+0
1.561599E+4	-1.417830E-3	1.286830E+4	0.000000E+0	0.000000E+0
1.567599E+4	-1.417900E-3	1.287000E+4	0.000000E+0	0.000000E+0
1.573598E+4	-1.417900E-3	1.287130E+4	0.000000E+0	0.000000E+0
1.579599E+4	-1.417800E-3	1.287300E+4	0.000000E+0	0.000000E+0
1.585598E+4	-1.417750E-3	1.287550E+4	0.000000E+0	0.000000E+0
1.591600E+4	-1.417670E-3	1.287650E+4	0.000000E+0	0.000000E+0
1.597598E+4	-1.417620E-3	1.287790E+4	0.000000E+0	0.000000E+0
1.603598E+4	-1.417560E-3	1.287990E+4	0.000000E+0	0.000000E+0
1.609599E+4	-1.417440E-3	1.288240E+4	0.000000E+0	0.000000E+0
1.615599E+4	-1.417530E-3	1.288330E+4	0.000000E+0	0.000000E+0
1.621599E+4	-1.417530E-3	1.288480E+4	0.000000E+0	0.000000E+0
1.627598E+4	-1.417520E-3	1.288730E+4	0.000000E+0	0.000000E+0
1.633600E+4	-1.417530E-3	1.288860E+4	0.000000E+0	0.000000E+0
1.639598E+4	-1.417510E-3	1.289080E+4	0.000000E+0	0.000000E+0
1.645598E+4	-1.417510E-3	1.289240E+4	0.000000E+0	0.000000E+0
1.651600E+4	-1.417430E-3	1.289480E+4	0.000000E+0	0.000000E+0
1.657598E+4	-1.417250E-3	1.289560E+4	0.000000E+0	0.000000E+0
1.663598E+4	-1.417290E-3	1.289650E+4	0.000000E+0	0.000000E+0
1.669600E+4	-1.417210E-3	1.289830E+4	0.000000E+0	0.000000E+0
1.675598E+4	-1.417190E-3	1.290050E+4	0.000000E+0	0.000000E+0
1.681599E+4	-1.417330E-3	1.290170E+4	0.000000E+0	0.000000E+0
1.687598E+4	-1.417310E-3	1.290370E+4	0.000000E+0	0.000000E+0
1.693601E+4	-1.417380E-3	1.290440E+4	0.000000E+0	0.000000E+0
1.699599E+4	-1.417450E-3	1.290620E+4	0.000000E+0	0.000000E+0
1.705600E+4	-1.417480E-3	1.290760E+4	0.000000E+0	0.000000E+0
1.711599E+4	-1.417500E-3	1.290900E+4	0.000000E+0	0.000000E+0
1.717598E+4	-1.417510E-3	1.291060E+4	0.000000E+0	0.000000E+0
1.723598E+4	-1.417510E-3	1.291140E+4	0.000000E+0	0.000000E+0
1.729598E+4	-1.417510E-3	1.291330E+4	0.000000E+0	0.000000E+0
1.735599E+4	-1.417510E-3	1.291490E+4	0.000000E+0	0.000000E+0
1.741598E+4	-1.417480E-3	1.291610E+4	0.000000E+0	0.000000E+0
1.747600E+4	-1.417430E-3	1.291800E+4	0.000000E+0	0.000000E+0
1.753601E+4	-1.417530E-3	1.291840E+4	0.000000E+0	0.000000E+0
1.759598E+4	-1.417430E-3	1.291950E+4	0.000000E+0	0.000000E+0
1.765598E+4	-1.417420E-3	1.292110E+4	0.000000E+0	0.000000E+0
1.771598E+4	-1.417360E-3	1.292250E+4	0.000000E+0	0.000000E+0
1.777598E+4	-1.417370E-3	1.292430E+4	0.000000E+0	0.000000E+0
1.783598E+4	-1.417390E-3	1.292450E+4	0.000000E+0	0.000000E+0
1.789598E+4	-1.417400E-3	1.292530E+4	0.000000E+0	0.000000E+0
1.795598E+4	-1.417450E-3	1.292630E+4	0.000000E+0	0.000000E+0
1.801598E+4	-1.417420E-3	1.292790E+4	0.000000E+0	0.000000E+0
1.807598E+4	-1.417500E-3	1.292980E+4	0.000000E+0	0.000000E+0
1.813598E+4	-1.417480E-3	1.293090E+4	0.000000E+0	0.000000E+0
1.819598E+4	-1.417490E-3	1.293230E+4	0.000000E+0	0.000000E+0
1.825599E+4	-1.417600E-3	1.293330E+4	0.000000E+0	0.000000E+0
1.831598E+4	-1.417540E-3	1.293460E+4	0.000000E+0	0.000000E+0
1.837598E+4	-1.417610E-3	1.293530E+4	0.000000E+0	0.000000E+0
1.843598E+4	-1.417560E-3	1.293690E+4	0.000000E+0	0.000000E+0
1.849598E+4	-1.417580E-3	1.293740E+4	0.000000E+0	0.000000E+0
1.855598E+4	-1.417560E-3	1.293850E+4	0.000000E+0	0.000000E+0
1.861599E+4	-1.417510E-3	1.293860E+4	0.000000E+0	0.000000E+0
1.867598E+4	-1.417450E-3	1.294070E+4	0.000000E+0	0.000000E+0
1.873598E+4	-1.417520E-3	1.294120E+4	0.000000E+0	0.000000E+0
1.879598E+4	-1.417480E-3	1.294240E+4	0.000000E+0	0.000000E+0
1.885598E+4	-1.417430E-3	1.294390E+4	0.000000E+0	0.000000E+0
1.891598E+4	-1.417400E-3	1.294480E+4	0.000000E+0	0.000000E+0
1.897598E+4	-1.417390E-3	1.294550E+4	0.000000E+0	0.000000E+0
1.903598E+4	-1.417400E-3	1.294700E+4	0.000000E+0	0.000000E+0
1.909598E+4	-1.417290E-3	1.294830E+4	0.000000E+0	0.000000E+0
1.915598E+4	-1.417290E-3	1.294910E+4	0.000000E+0	0.000000E+0
1.921598E+4	-1.417220E-3	1.295110E+4	0.000000E+0	0.000000E+0
1.927598E+4	-1.417230E-3	1.295270E+4	0.000000E+0	0.000000E+0
1.933598E+4	-1.417250E-3	1.295320E+4	0.000000E+0	0.000000E+0
1.939598E+4	-1.417230E-3	1.295490E+4	0.000000E+0	0.000000E+0
1.945598E+4	-1.417270E-3	1.295620E+4	0.000000E+0	0.000000E+0
1.951598E+4	-1.417260E-3	1.295760E+4	0.000000E+0	0.000000E+0
1.957598E+4	-1.417330E-3	1.295870E+4	0.000000E+0	0.000000E+0
1.963598E+4	-1.417300E-3	1.295990E+4	0.000000E+0	0.000000E+0
1.969598E+4	-1.417330E-3	1.296150E+4	0.000000E+0	0.000000E+0
1.975599E+4	-1.417330E-3	1.296310E+4	0.000000E+0	0.000000E+0
1.981599E+4	-1.417410E-3	1.296460E+4	0.000000E+0	0.000000E+0
1.987598E+4	-1.417400E-3	1.296580E+4	0.000000E+0	0.000000E+0
1.993598E+4	-1.417420E-3	1.296700E+4	0.000000E+0	0.000000E+0
1.999598E+4	-1.417390E-3	1.296880E+4	0.000000E+0	0.000000E+0
2.005598E+4	-1.417520E-3	1.296910E+4	0.000000E+0	0.000000E+0
2.011598E+4	-1.417590E-3	1.296970E+4	0.000000E+0	0.000000E+0
2.017598E+4	-1.417600E-3	1.297110E+4	0.000000E+0	0.000000E+0
2.023598E+4	-1.417560E-3	1.297260E+4	0.000000E+0	0.000000E+0
2.029598E+4	-1.417560E-3	1.297330E+4	0.000000E+0	0.000000E+0
2.035598E+4	-1.417570E-3	1.297450E+4	0.000000E+0	0.000000E+0
2.041598E+4	-1.417580E-3	1.297560E+4	0.000000E+0	0.000000E+0
2.047598E+4	-1.417510E-3	1.297740E+4	0.000000E+0	0.000000E+0
2.053598E+4	-1.417500E-3	1.297810E+4	0.000000E+0	0.000000E+0
2.059598E+4	-1.417500E-3	1.297940E+4	0.000000E+0	0.000000E+0
2.065598E+4	-1.417540E-3	1.298020E+4	0.000000E+0	0.000000E+0
2.071598E+4	-1.417580E-3	1.298110E+4	0.000000E+0	0.000000E+0
2.077598E+4	-1.417550E-3	1.298210E+4	0.000000E+0	0.000000E+0
2.083598E+4	-1.417500E-3	1.298340E+4	0.000000E+0	0.000000E+0
2.089598E+4	-1.417580E-3	1.298470E+4	0.000000E+0	0.000000E+0
2.095598E+4	-1.417650E-3	1.298650E+4	0.000000E+0	0.000000E+0
2.101598E+4	-1.417630E-3	1.298820E+4	0.000000E+0	0.000000E+0
2.107598E+4	-1.417590E-3	1.298830E+4	0.000000E+0	0.000000E+0
2.113598E+4	-1.417480E-3	1.298890E+4	0.000000E+0	0.000000E+0
2.119598E+4	-1.417560E-3	1.299150E+4	0.000000E+0	0.000000E+0
2.125598E+4	-1.417550E-3	1.299310E+4	0.000000E+0	0.000000E+0
2.131598E+4	-1.417500E-3	1.299420E+4	0.000000E+0	0.000000E+0
2.137598E+4	-1.417400E-3	1.299490E+4	0.000000E+0	0.000000E+0
2.143598E+4	-1.417550E-3	1.299580E+4	0.000000E+0	0.000000E+0
2.149598E+4	-1.417610E-3	1.299710E+4	0.000000E+0	0.000000E+0
2.155598E+4	-1.417550E-3	1.299770E+4	0.000000E+0	0.000000E+0
2.161599E+4	-1.417460E-3	1.299910E+4	0.000000E+0	0.000000E+0
2.167598E+4	-1.417390E-3	1.300020E+4	0.000000E+0	0.000000E+0
2.173598E+4	-1.417540E-3	1.300140E+4	0.000000E+0	0.000000E+0
2.179601E+4	-1.417510E-3	1.300220E+4	0.000000E+0	0.000000E+0
2.185595E+4	-1.417410E-3	1.300330E+4	0.000000E+0	0.000000E+0
2.191598E+4	-1.417260E-3	1.300430E+4	0.000000E+0	0.000000E+0
2.197600E+4	-1.417220E-3	1.300500E+4	0.000000E+0	0.000000E+0
2.203598E+4	-1.417150E-3	1.300630E+4	0.000000E+0	0.000000E+0
2.209598E+4	-1.417230E-3	1.300650E+4	0.000000E+0	0.000000E+0
2.215598E+4	-1.417150E-3	1.300840E+4	0.000000E+0	0.000000E+0
2.221598E+4	-1.417040E-3	1.300820E+4	0.000000E+0	0.000000E+0
2.227599E+4	-1.417010E-3	1.301010E+4	0.000000E+0	0.000000E+0
2.233598E+4	-1.417100E-3	1.301050E+4	0.000000E+0	0.000000E+0
2.239598E+4	-1.417110E-3	1.301090E+4	0.000000E+0	0.000000E+0
2.245598E+4	-1.417210E-3	1.301150E+4	0.000000E+0	0.000000E+0
2.251598E+4	-1.417210E-3	1.301220E+4	0.000000E+0	0.000000E+0
2.257598E+4	-1.417280E-3	1.301440E+4	0.000000E+0	0.000000E+0
2.263598E+4	-1.417280E-3	1.301510E+4	0.000000E+0	0.000000E+0
2.269599E+4	-1.417370E-3	1.301470E+4	0.000000E+0	0.000000E+0
2.275598E+4	-1.417400E-3	1.301610E+4	0.000000E+0	0.000000E+0
2.281598E+4	-1.417500E-3	1.301850E+4	0.000000E+0	0.000000E+0
2.287601E+4	-1.417440E-3	1.301840E+4	0.000000E+0	0.000000E+0
2.293598E+4	-1.417450E-3	1.301940E+4	0.000000E+0	0.000000E+0
2.299598E+4	-1.417460E-3	1.302130E+4	0.000000E+0	0.000000E+0
2.305598E+4	-1.417540E-3	1.302120E+4	0.000000E+0	0.000000E+0
2.311598E+4	-1.417480E-3	1.302170E+4	0.000000E+0	0.000000E+0
2.317598E+4	-1.417490E-3	1.302250E+4	0.000000E+0	0.000000E+0
2.323599E+4	-1.417340E-3	1.302390E+4	0.000000E+0	0.000000E+0
2.329598E+4	-1.417250E-3	1.302490E+4	0.000000E+0	0.000000E+0
2.335598E+4	-1.417240E-3	1.302590E+4	0.000000E+0	0.000000E+0
2.341598E+4	-1.417130E-3	1.302600E+4	0.000000E+0	0.000000E+0
2.347598E+4	-1.417730E-3	1.302660E+4	0.000000E+0	0.000000E+0
2.353598E+4	-1.418000E-3	1.302820E+4	0.000000E+0	0.000000E+0
2.359598E+4	-1.418270E-3	1.302960E+4	0.000000E+0	0.000000E+0
2.365598E+4	-1.418360E-3	1.302980E+4	0.000000E+0	0.000000E+0
2.371598E+4	-1.418290E-3	1.303050E+4	0.000000E+0	0.000000E+0
2.377598E+4	-1.418220E-3	1.303140E+4	0.000000E+0	0.000000E+0
2.383598E+4	-1.418090E-3	1.303170E+4	0.000000E+0	0.000000E+0
2.389599E+4	-1.418020E-3	1.303330E+4	0.000000E+0	0.000000E+0
2.395599E+4	-1.418000E-3	1.303300E+4	0.000000E+0	0.000000E+0
2.401600E+4	-1.418050E-3	1.303390E+4	0.000000E+0	0.000000E+0
2.407598E+4	-1.418090E-3	1.303440E+4	0.000000E+0	0.000000E+0
2.413598E+4	-1.418100E-3	1.303550E+4	0.000000E+0	0.000000E+0
2.419599E+4	-1.418060E-3	1.303550E+4	0.000000E+0	0.000000E+0
2.425599E+4	-1.418290E-3	1.303590E+4	0.000000E+0	0.000000E+0
2.431598E+4	-1.418310E-3	1.303690E+4	0.000000E+0	0.000000E+0
2.437598E+4	-1.418580E-3	1.303740E+4	0.000000E+0	0.000000E+0
2.443599E+4	-1.418330E-3	1.303960E+4	0.000000E+0	0.000000E+0
2.449599E+4	-1.417860E-3	1.304110E+4	0.000000E+0	0.000000E+0
2.455599E+4	-1.417800E-3	1.304120E+4	0.000000E+0	0.000000E+0
2.461600E+4	-1.417770E-3	1.304150E+4	0.000000E+0	0.000000E+0
2.467600E+4	-1.417630E-3	1.304140E+4	0.000000E+0	0.000000E+0
2.473599E+4	-1.417400E-3	1.304250E+4	0.000000E+0	0.000000E+0
2.479599E+4	-1.417180E-3	1.304370E+4	0.000000E+0	0.000000E+0
2.485599E+4	-1.417510E-3	1.304390E+4	0.000000E+0	0.000000E+0
2.491601E+4	-1.417440E-3	1.304590E+4	0.000000E+0	0.000000E+0
2.497595E+4	-1.417690E-3	1.304610E+4	0.000000E+0	0.000000E+0
2.503598E+4	-1.417830E-3	1.304650E+4	0.000000E+0	0.000000E+0
2.509598E+4	-1.417910E-3	1.304700E+4	0.000000E+0	0.000000E+0
2.515598E+4	-1.417910E-3	1.304810E+4	0.000000E+0	0.000000E+0
2.521599E+4	-1.418010E-3	1.304840E+4	0.000000E+0	0.000000E+0
2.527598E+4	-1.417780E-3	1.304940E+4	0.000000E+0	0.000000E+0
2.533599E+4	-1.417950E-3	1.305040E+4	0.000000E+0	0.000000E+0
2.539598E+4	-1.418150E-3	1.305040E+4	0.000000E+0	0.000000E+0
2.545598E+4	-1.418160E-3	1.305190E+4	0.000000E+0	0.000000E+0
2.551598E+4	-1.417900E-3	1.305220E+4	0.000000E+0	0.000000E+0
2.557598E+4	-1.417300E-3	1.305290E+4	0.000000E+0	0.000000E+0
2.563598E+4	-1.416860E-3	1.305300E+4	0.000000E+0	0.000000E+0
2.569598E+4	-1.416890E-3	1.305340E+4	0.000000E+0	0.000000E+0
2.575598E+4	-1.416870E-3	1.305400E+4	0.000000E+0	0.000000E+0
2.581598E+4	-1.416660E-3	1.305430E+4	0.000000E+0	0.000000E+0
2.587598E+4	-1.416620E-3	1.305440E+4	0.000000E+0	0.000000E+0
2.593598E+4	-1.416780E-3	1.305440E+4	0.000000E+0	0.000000E+0
2.599598E+4	-1.416910E-3	1.305620E+4	0.000000E+0	0.000000E+0
2.605598E+4	-1.416890E-3	1.305600E+4	0.000000E+0	0.000000E+0
2.611599E+4	-1.416700E-3	1.305640E+4	0.000000E+0	0.000000E+0
2.617598E+4	-1.416500E-3	1.305750E+4	0.000000E+0	0.000000E+0
2.623598E+4	-1.416380E-3	1.305760E+4	0.000000E+0	0.000000E+0
2.629598E+4	-1.416400E-3	1.305880E+4	0.000000E+0	0.000000E+0
2.635599E+4	-1.416350E-3	1.305870E+4	0.000000E+0	0.000000E+0
2.641598E+4	-1.416160E-3	1.305900E+4	0.000000E+0	0.000000E+0
2.647599E+4	-1.415590E-3	1.305970E+4	0.000000E+0	0.000000E+0
2.653598E+4	-1.414820E-3	1.306000E+4	0.000000E+0	0.000000E+0
2.659598E+4	-1.414740E-3	1.306000E+4	0.000000E+0	0.000000E+0
2.665598E+4	-1.414450E-3	1.306110E+4	0.000000E+0	0.000000E+0
2.671598E+4	-1.414330E-3	1.306150E+4	0.000000E+0	0.000000E+0
2.677599E+4	-1.413890E-3	1.306200E+4	0.000000E+0	0.000000E+0
2.683598E+4	-1.413500E-3	1.306240E+4	0.000000E+0	0.000000E+0
2.689598E+4	-1.413630E-3	1.306320E+4	0.000000E+0	0.000000E+0
2.695598E+4	-1.413660E-3	1.306450E+4	0.000000E+0	0.000000E+0
2.701598E+4	-1.413600E-3	1.306420E+4	0.000000E+0	0.000000E+0
2.707598E+4	-1.413470E-3	1.306580E+4	0.000000E+0	0.000000E+0
2.713598E+4	-1.413290E-3	1.306570E+4	0.000000E+0	0.000000E+0
2.719598E+4	-1.412950E-3	1.306690E+4	0.000000E+0	0.000000E+0
2.725598E+4	-1.412770E-3	1.306780E+4	0.000000E+0	0.000000E+0
2.731598E+4	-1.412260E-3	1.306820E+4	0.000000E+0	0.000000E+0
2.737598E+4	-1.412650E-3	1.306920E+4	0.000000E+0	0.000000E+0
2.743599E+4	-1.413040E-3	1.307000E+4	0.000000E+0	0.000000E+0
2.749600E+4	-1.413360E-3	1.307110E+4	0.000000E+0	0.000000E+0
2.755596E+4	-1.413330E-3	1.307200E+4	0.000000E+0	0.000000E+0
2.761598E+4	-1.413100E-3	1.307280E+4	0.000000E+0	0.000000E+0
2.767598E+4	-1.412850E-3	1.307310E+4	0.000000E+0	0.000000E+0
2.773599E+4	-1.413220E-3	1.307380E+4	0.000000E+0	0.000000E+0
2.779598E+4	-1.413750E-3	1.307380E+4	0.000000E+0	0.000000E+0
2.785599E+4	-1.413980E-3	1.307640E+4	0.000000E+0	0.000000E+0
2.791599E+4	-1.414060E-3	1.307680E+4	0.000000E+0	0.000000E+0
2.797600E+4	-1.414010E-3	1.307750E+4	0.000000E+0	0.000000E+0
2.803599E+4	-1.413660E-3	1.307920E+4	0.000000E+0	0.000000E+0
2.809598E+4	-1.413660E-3	1.308010E+4	0.000000E+0	0.000000E+0
2.815599E+4	-1.414400E-3	1.308110E+4	0.000000E+0	0.000000E+0
2.821599E+4	-1.415490E-3	1.308140E+4	0.000000E+0	0.000000E+0
2.827600E+4	-1.416080E-3	1.308240E+4	0.000000E+0	0.000000E+0
2.833599E+4	-1.416270E-3	1.308300E+4	0.000000E+0	0.000000E+0
2.839598E+4	-1.416050E-3	1.308420E+4	0.000000E+0	0.000000E+0
2.845600E+4	-1.416000E-3	1.308410E+4	0.000000E+0	0.000000E+0
2.851600E+4	-1.416400E-3	1.308510E+4	0.000000E+0	0.000000E+0
2.857600E+4	-1.416880E-3	1.308620E+4	0.000000E+0	0.000000E+0
2.863599E+4	-1.417040E-3	1.308680E+4	0.000000E+0	0.000000E+0
2.869598E+4	-1.417330E-3	1.308710E+4	0.000000E+0	0.000000E+0
2.875598E+4	-1.417450E-3	1.308840E+4	0.000000E+0	0.000000E+0
2.881600E+4	-1.417640E-3	1.308970E+4	0.000000E+0	0.000000E+0
2.887600E+4	-1.417740E-3	1.309040E+4	0.000000E+0	0.000000E+0
2.893601E+4	-1.417860E-3	1.309080E+4	0.000000E+0	0.000000E+0
2.899602E+4	-1.418010E-3	1.309160E+4	0.000000E+0	0.000000E+0
2.905596E+4	-1.418000E-3	1.309220E+4	0.000000E+0	0.000000E+0
2.911597E+4	-1.418070E-3	1.309320E+4	0.000000E+0	0.000000E+0
2.917600E+4	-1.417920E-3	1.309400E+4	0.000000E+0	0.000000E+0
2.923599E+4	-1.417850E-3	1.309510E+4	0.000000E+0	0.000000E+0
2.929600E+4	-1.417860E-3	1.309620E+4	0.000000E+0	0.000000E+0
2.935600E+4	-1.417710E-3	1.309690E+4	0.000000E+0	0.000000E+0
2.941598E+4	-1.417650E-3	1.309690E+4	0.000000E+0	0.000000E+0
2.947598E+4	-1.417310E-3	1.309760E+4	0.000000E+0	0.000000E+0
2.953600E+4	-1.416900E-3	1.309810E+4	0.000000E+0	0.000000E+0
2.959598E+4	-1.416810E-3	1.310010E+4	0.000000E+0	0.000000E+0
2.965599E+4	-1.416710E-3	1.310090E+4	0.000000E+0	0.000000E+0
2.971599E+4	-1.416680E-3	1.310210E+4	0.000000E+0	0.000000E+0
2.977598E+4	-1.416630E-3	1.310310E+4	0.000000E+0	0.000000E+0
2.983598E+4	-1.416210E-3	1.310370E+4	0.000000E+0	0.000000E+0
2.989598E+4	-1.416200E-3	1.310400E+4	0.000000E+0	0.000000E+0
2.995598E+4	-1.416170E-3	1.310500E+4	0.000000E+0	0.000000E+0
3.001600E+4	-1.415950E-3	1.310650E+4	0.000000E+0	0.000000E+0
3.007599E+4	-1.415650E-3	1.310660E+4	0.000000E+0	0.000000E+0
3.013601E+4	-1.415810E-3	1.310770E+4	0.000000E+0	0.000000E+0
3.019598E+4	-1.416500E-3	1.310890E+4	0.000000E+0	0.000000E+0
3.025599E+4	-1.416680E-3	1.310920E+4	0.000000E+0	0.000000E+0
3.031598E+4	-1.416440E-3	1.311060E+4	0.000000E+0	0.000000E+0
3.037600E+4	-1.416510E-3	1.311080E+4	0.000000E+0	0.000000E+0
3.043598E+4	-1.416650E-3	1.311150E+4	0.000000E+0	0.000000E+0
3.049599E+4	-1.416810E-3	1.311290E+4	0.000000E+0	0.000000E+0
3.055597E+4	-1.416690E-3	1.311350E+4	0.000000E+0	0.000000E+0
3.061598E+4	-1.416740E-3	1.311470E+4	0.000000E+0	0.000000E+0
3.067598E+4	-1.416870E-3	1.311540E+4	0.000000E+0	0.000000E+0
3.073600E+4	-1.417070E-3	1.311690E+4	0.000000E+0	0.000000E+0
3.079600E+4	-1.417400E-3	1.311700E+4	0.000000E+0	0.000000E+0
3.085598E+4	-1.417860E-3	1.311850E+4	0.000000E+0	0.000000E+0
3.091598E+4	-1.418420E-3	1.311910E+4	0.000000E+0	0.000000E+0
3.097598E+4	-1.418620E-3	1.312080E+4	0.000000E+0	0.000000E+0
3.103599E+4	-1.418460E-3	1.312100E+4	0.000000E+0	0.000000E+0
3.109599E+4	-1.418260E-3	1.312190E+4	0.000000E+0	0.000000E+0
3.115598E+4	-1.418310E-3	1.312220E+4	0.000000E+0	0.000000E+0
3.121599E+4	-1.418110E-3	1.312350E+4	0.000000E+0	0.000000E+0
3.127599E+4	-1.418160E-3	1.312470E+4	0.000000E+0	0.000000E+0
3.133598E+4	-1.418130E-3	1.312480E+4	0.000000E+0	0.000000E+0
3.139598E+4	-1.418040E-3	1.312530E+4	0.000000E+0	0.000000E+0
3.145598E+4	-1.417980E-3	1.312630E+4	0.000000E+0	0.000000E+0
3.151597E+4	-1.417970E-3	1.312640E+4	0.000000E+0	0.000000E+0
3.157597E+4	-1.417820E-3	1.312780E+4	0.000000E+0	0.000000E+0
3.163598E+4	-1.417820E-3	1.312930E+4	0.000000E+0	0.000000E+0
3.169598E+4	-1.417740E-3	1.312940E+4	0.000000E+0	0.000000E+0
3.175597E+4	-1.417610E-3	1.312970E+4	0.000000E+0	0.000000E+0
3.181597E+4	-1.417200E-3	1.313120E+4	0.000000E+0	0.000000E+0
3.187599E+4	-1.417010E-3	1.313120E+4	0.000000E+0	0.000000E+0
3.193597E+4	-1.416810E-3	1.313220E+4	0.000000E+0	0.000000E+0
3.199597E+4	-1.416920E-3	1.313310E+4	0.000000E+0	0.000000E+0
3.205598E+4	-1.416610E-3	1.313420E+4	0.000000E+0	0.000000E+0
3.211597E+4	-1.416930E-3	1.313460E+4	0.000000E+0	0.000000E+0
3.217598E+4	-1.417070E-3	1.313590E+4	0.000000E+0	0.000000E+0
3.223597E+4	-1.417340E-3	1.313640E+4	0.000000E+0	0.000000E+0
3.229599E+4	-1.417060E-3	1.313760E+4	0.000000E+0	0.000000E+0
