
Medición hecha el 2026-06-18  08:29 p.m.

Medición de corriente y tensión en el tiempo con posibilidad de inyectar corriente.
Tiempo	Corriente	Tensión
3.338000E+0	-5.959700E-4	1.210550E+4	0.000000E+0	0.000000E+0
1.523100E+1	-5.960500E-4	1.210890E+4	0.000000E+0	0.000000E+0
7.523100E+1	-5.962700E-4	1.211690E+4	0.000000E+0	0.000000E+0
1.352330E+2	-5.963700E-4	1.212010E+4	0.000000E+0	0.000000E+0
1.952330E+2	-5.963700E-4	1.212160E+4	0.000000E+0	0.000000E+0
2.552320E+2	-5.964600E-4	1.212270E+4	0.000000E+0	0.000000E+0
3.152370E+2	-5.964300E-4	1.212290E+4	0.000000E+0	0.000000E+0
3.752070E+2	-5.964600E-4	1.212450E+4	0.000000E+0	0.000000E+0
4.352340E+2	-5.964100E-4	1.212600E+4	0.000000E+0	0.000000E+0
4.952290E+2	-5.964600E-4	1.212670E+4	0.000000E+0	0.000000E+0
5.552320E+2	-5.964800E-4	1.212780E+4	0.000000E+0	0.000000E+0
6.152270E+2	-5.964600E-4	1.212930E+4	0.000000E+0	0.000000E+0
6.752280E+2	-5.964700E-4	1.213160E+4	0.000000E+0	0.000000E+0
7.352320E+2	-5.964900E-4	1.213360E+4	0.000000E+0	0.000000E+0
7.952300E+2	-5.964700E-4	1.213520E+4	0.000000E+0	0.000000E+0
8.552290E+2	-5.964400E-4	1.213710E+4	0.000000E+0	0.000000E+0
9.152280E+2	-5.964200E-4	1.213990E+4	0.000000E+0	0.000000E+0
9.752310E+2	-5.964700E-4	1.214200E+4	0.000000E+0	0.000000E+0
1.035228E+3	-5.964900E-4	1.214420E+4	0.000000E+0	0.000000E+0
1.095232E+3	-5.964700E-4	1.214710E+4	0.000000E+0	0.000000E+0
1.155231E+3	-5.965100E-4	1.214960E+4	0.000000E+0	0.000000E+0
1.215231E+3	-5.965400E-4	1.215240E+4	0.000000E+0	0.000000E+0
1.275230E+3	-5.965100E-4	1.215510E+4	0.000000E+0	0.000000E+0
1.335229E+3	-5.965200E-4	1.215780E+4	0.000000E+0	0.000000E+0
1.395230E+3	-5.965200E-4	1.216050E+4	0.000000E+0	0.000000E+0
1.455230E+3	-5.965200E-4	1.216350E+4	0.000000E+0	0.000000E+0
1.515228E+3	-5.964700E-4	1.216580E+4	0.000000E+0	0.000000E+0
1.575232E+3	-5.965300E-4	1.216840E+4	0.000000E+0	0.000000E+0
1.635228E+3	-5.965000E-4	1.217110E+4	0.000000E+0	0.000000E+0
1.695231E+3	-5.965500E-4	1.217410E+4	0.000000E+0	0.000000E+0
1.755229E+3	-5.965800E-4	1.217690E+4	0.000000E+0	0.000000E+0
1.815231E+3	-5.965900E-4	1.217950E+4	0.000000E+0	0.000000E+0
1.875228E+3	-5.965900E-4	1.218270E+4	0.000000E+0	0.000000E+0
1.935231E+3	-5.965600E-4	1.218510E+4	0.000000E+0	0.000000E+0
1.995223E+3	-5.965300E-4	1.218760E+4	0.000000E+0	0.000000E+0
2.055229E+3	-5.965500E-4	1.219050E+4	0.000000E+0	0.000000E+0
2.115204E+3	-5.965900E-4	1.219330E+4	0.000000E+0	0.000000E+0
2.175231E+3	-5.965700E-4	1.219630E+4	0.000000E+0	0.000000E+0
2.235227E+3	-5.966100E-4	1.219920E+4	0.000000E+0	0.000000E+0
2.295232E+3	-5.966200E-4	1.220190E+4	0.000000E+0	0.000000E+0
2.355232E+3	-5.966100E-4	1.220430E+4	0.000000E+0	0.000000E+0
2.415207E+3	-5.966200E-4	1.220700E+4	0.000000E+0	0.000000E+0
2.475230E+3	-5.965900E-4	1.220970E+4	0.000000E+0	0.000000E+0
2.535229E+3	-5.965400E-4	1.221330E+4	0.000000E+0	0.000000E+0
2.595232E+3	-5.966600E-4	1.221630E+4	0.000000E+0	0.000000E+0
2.655231E+3	-5.966700E-4	1.221880E+4	0.000000E+0	0.000000E+0
2.715230E+3	-5.966000E-4	1.222120E+4	0.000000E+0	0.000000E+0
2.775232E+3	-5.966200E-4	1.222390E+4	0.000000E+0	0.000000E+0
2.835224E+3	-5.966300E-4	1.222660E+4	0.000000E+0	0.000000E+0
2.895232E+3	-5.966600E-4	1.222890E+4	0.000000E+0	0.000000E+0
2.955207E+3	-5.966700E-4	1.223170E+4	0.000000E+0	0.000000E+0
3.015233E+3	-5.966200E-4	1.223450E+4	0.000000E+0	0.000000E+0
3.075229E+3	-5.966500E-4	1.223720E+4	0.000000E+0	0.000000E+0
3.135230E+3	-5.966500E-4	1.223940E+4	0.000000E+0	0.000000E+0
3.195229E+3	-5.966700E-4	1.224210E+4	0.000000E+0	0.000000E+0
3.255232E+3	-5.966900E-4	1.224450E+4	0.000000E+0	0.000000E+0
3.315230E+3	-5.967400E-4	1.224720E+4	0.000000E+0	0.000000E+0
3.375232E+3	-5.966900E-4	1.224960E+4	0.000000E+0	0.000000E+0
3.435231E+3	-5.967200E-4	1.225220E+4	0.000000E+0	0.000000E+0
3.495234E+3	-5.967400E-4	1.225440E+4	0.000000E+0	0.000000E+0
3.555228E+3	-5.967000E-4	1.225650E+4	0.000000E+0	0.000000E+0
3.615230E+3	-5.967100E-4	1.225950E+4	0.000000E+0	0.000000E+0
3.675231E+3	-5.967300E-4	1.226160E+4	0.000000E+0	0.000000E+0
3.735232E+3	-5.968000E-4	1.226420E+4	0.000000E+0	0.000000E+0
3.795232E+3	-5.967600E-4	1.226620E+4	0.000000E+0	0.000000E+0
3.855232E+3	-5.967600E-4	1.226900E+4	0.000000E+0	0.000000E+0
3.915230E+3	-5.967700E-4	1.227080E+4	0.000000E+0	0.000000E+0
3.975233E+3	-5.967700E-4	1.227310E+4	0.000000E+0	0.000000E+0
4.035228E+3	-5.968500E-4	1.227510E+4	0.000000E+0	0.000000E+0
4.095228E+3	-5.967900E-4	1.227730E+4	0.000000E+0	0.000000E+0
4.155232E+3	-5.967800E-4	1.227940E+4	0.000000E+0	0.000000E+0
4.215231E+3	-5.967000E-4	1.228120E+4	0.000000E+0	0.000000E+0
4.275230E+3	-5.967300E-4	1.228400E+4	0.000000E+0	0.000000E+0
4.335233E+3	-5.968000E-4	1.228600E+4	0.000000E+0	0.000000E+0
4.395230E+3	-5.968100E-4	1.228850E+4	0.000000E+0	0.000000E+0
4.455233E+3	-5.968000E-4	1.229030E+4	0.000000E+0	0.000000E+0
4.515231E+3	-5.967600E-4	1.229290E+4	0.000000E+0	0.000000E+0
4.575232E+3	-5.968600E-4	1.229490E+4	0.000000E+0	0.000000E+0
4.635231E+3	-5.968500E-4	1.229640E+4	0.000000E+0	0.000000E+0
4.695230E+3	-5.968100E-4	1.229860E+4	0.000000E+0	0.000000E+0
4.755232E+3	-5.967900E-4	1.230070E+4	0.000000E+0	0.000000E+0
4.815229E+3	-5.968400E-4	1.230270E+4	0.000000E+0	0.000000E+0
4.875228E+3	-5.968200E-4	1.230520E+4	0.000000E+0	0.000000E+0
4.935206E+3	-5.968100E-4	1.230660E+4	0.000000E+0	0.000000E+0
4.995231E+3	-5.968300E-4	1.230860E+4	0.000000E+0	0.000000E+0
5.055230E+3	-5.968500E-4	1.231100E+4	0.000000E+0	0.000000E+0
5.115227E+3	-5.968700E-4	1.231310E+4	0.000000E+0	0.000000E+0
5.175228E+3	-5.968800E-4	1.231490E+4	0.000000E+0	0.000000E+0
5.235230E+3	-5.969000E-4	1.231650E+4	0.000000E+0	0.000000E+0
5.295231E+3	-5.969200E-4	1.231890E+4	0.000000E+0	0.000000E+0
5.355230E+3	-5.968900E-4	1.232130E+4	0.000000E+0	0.000000E+0
5.415229E+3	-5.969000E-4	1.232340E+4	0.000000E+0	0.000000E+0
5.475232E+3	-5.969200E-4	1.232500E+4	0.000000E+0	0.000000E+0
5.535230E+3	-5.969600E-4	1.232690E+4	0.000000E+0	0.000000E+0
5.595231E+3	-5.969100E-4	1.232890E+4	0.000000E+0	0.000000E+0
5.655232E+3	-5.969500E-4	1.233090E+4	0.000000E+0	0.000000E+0
5.715232E+3	-5.969200E-4	1.233260E+4	0.000000E+0	0.000000E+0
5.775233E+3	-5.969100E-4	1.233480E+4	0.000000E+0	0.000000E+0
5.835232E+3	-5.969700E-4	1.233680E+4	0.000000E+0	0.000000E+0
5.895231E+3	-5.969500E-4	1.233870E+4	0.000000E+0	0.000000E+0
5.955230E+3	-5.969300E-4	1.234020E+4	0.000000E+0	0.000000E+0
6.015236E+3	-5.969300E-4	1.234230E+4	0.000000E+0	0.000000E+0
6.075228E+3	-5.969100E-4	1.234450E+4	0.000000E+0	0.000000E+0
6.135231E+3	-5.968800E-4	1.234640E+4	0.000000E+0	0.000000E+0
6.195230E+3	-5.969400E-4	1.234810E+4	0.000000E+0	0.000000E+0
6.255229E+3	-5.969700E-4	1.235040E+4	0.000000E+0	0.000000E+0
6.315230E+3	-5.970200E-4	1.235190E+4	0.000000E+0	0.000000E+0
6.375232E+3	-5.970100E-4	1.235390E+4	0.000000E+0	0.000000E+0
6.435232E+3	-5.970100E-4	1.235520E+4	0.000000E+0	0.000000E+0
6.495232E+3	-5.970500E-4	1.235690E+4	0.000000E+0	0.000000E+0
6.555232E+3	-5.970400E-4	1.235890E+4	0.000000E+0	0.000000E+0
6.615230E+3	-5.969900E-4	1.236090E+4	0.000000E+0	0.000000E+0
6.675233E+3	-5.970000E-4	1.236230E+4	0.000000E+0	0.000000E+0
6.735229E+3	-5.970300E-4	1.236380E+4	0.000000E+0	0.000000E+0
6.795206E+3	-5.970800E-4	1.236530E+4	0.000000E+0	0.000000E+0
6.855232E+3	-5.970900E-4	1.236690E+4	0.000000E+0	0.000000E+0
6.915228E+3	-5.970300E-4	1.236870E+4	0.000000E+0	0.000000E+0
6.975229E+3	-5.970300E-4	1.237070E+4	0.000000E+0	0.000000E+0
7.035232E+3	-5.970100E-4	1.237230E+4	0.000000E+0	0.000000E+0
7.095232E+3	-5.970400E-4	1.237340E+4	0.000000E+0	0.000000E+0
7.155232E+3	-5.970700E-4	1.237500E+4	0.000000E+0	0.000000E+0
7.215230E+3	-5.971000E-4	1.237730E+4	0.000000E+0	0.000000E+0
7.275232E+3	-5.971600E-4	1.237850E+4	0.000000E+0	0.000000E+0
7.335229E+3	-5.971200E-4	1.237990E+4	0.000000E+0	0.000000E+0
7.395228E+3	-5.971000E-4	1.238180E+4	0.000000E+0	0.000000E+0
7.455233E+3	-5.971300E-4	1.238350E+4	0.000000E+0	0.000000E+0
7.515232E+3	-5.971200E-4	1.238540E+4	0.000000E+0	0.000000E+0
7.575232E+3	-5.971100E-4	1.238690E+4	0.000000E+0	0.000000E+0
7.635231E+3	-5.971200E-4	1.238830E+4	0.000000E+0	0.000000E+0
7.695230E+3	-5.971500E-4	1.239030E+4	0.000000E+0	0.000000E+0
7.755232E+3	-5.971400E-4	1.239230E+4	0.000000E+0	0.000000E+0
7.815232E+3	-5.971800E-4	1.239320E+4	0.000000E+0	0.000000E+0
7.875230E+3	-5.971800E-4	1.239420E+4	0.000000E+0	0.000000E+0
7.935232E+3	-5.971200E-4	1.239570E+4	0.000000E+0	0.000000E+0
7.995232E+3	-5.971400E-4	1.239730E+4	0.000000E+0	0.000000E+0
8.055227E+3	-5.971600E-4	1.239860E+4	0.000000E+0	0.000000E+0
8.115232E+3	-5.971800E-4	1.240030E+4	0.000000E+0	0.000000E+0
8.175231E+3	-5.972000E-4	1.240160E+4	0.000000E+0	0.000000E+0
8.235229E+3	-5.972200E-4	1.240370E+4	0.000000E+0	0.000000E+0
8.295233E+3	-5.971400E-4	1.240500E+4	0.000000E+0	0.000000E+0
8.355232E+3	-5.972000E-4	1.240630E+4	0.000000E+0	0.000000E+0
8.415234E+3	-5.972100E-4	1.240820E+4	0.000000E+0	0.000000E+0
8.475228E+3	-5.971800E-4	1.240980E+4	0.000000E+0	0.000000E+0
8.535232E+3	-5.972300E-4	1.241110E+4	0.000000E+0	0.000000E+0
8.595233E+3	-5.972600E-4	1.241250E+4	0.000000E+0	0.000000E+0
8.655231E+3	-5.971900E-4	1.241410E+4	0.000000E+0	0.000000E+0
8.715234E+3	-5.972500E-4	1.241560E+4	0.000000E+0	0.000000E+0
8.775231E+3	-5.972500E-4	1.241650E+4	0.000000E+0	0.000000E+0
8.835231E+3	-5.972500E-4	1.241770E+4	0.000000E+0	0.000000E+0
8.895233E+3	-5.971900E-4	1.241910E+4	0.000000E+0	0.000000E+0
8.955232E+3	-5.972200E-4	1.242050E+4	0.000000E+0	0.000000E+0
9.015232E+3	-5.972400E-4	1.242200E+4	0.000000E+0	0.000000E+0
9.075232E+3	-5.972500E-4	1.242360E+4	0.000000E+0	0.000000E+0
9.135207E+3	-5.972500E-4	1.242490E+4	0.000000E+0	0.000000E+0
9.195232E+3	-5.972000E-4	1.242580E+4	0.000000E+0	0.000000E+0
9.255231E+3	-5.972800E-4	1.242670E+4	0.000000E+0	0.000000E+0
9.315231E+3	-5.973300E-4	1.242820E+4	0.000000E+0	0.000000E+0
9.375232E+3	-5.972500E-4	1.242970E+4	0.000000E+0	0.000000E+0
9.435232E+3	-5.973100E-4	1.243060E+4	0.000000E+0	0.000000E+0
9.495227E+3	-5.972800E-4	1.243160E+4	0.000000E+0	0.000000E+0
9.555231E+3	-5.972900E-4	1.243280E+4	0.000000E+0	0.000000E+0
9.615231E+3	-5.973400E-4	1.243420E+4	0.000000E+0	0.000000E+0
9.675230E+3	-5.973700E-4	1.243640E+4	0.000000E+0	0.000000E+0
9.735232E+3	-5.972900E-4	1.243710E+4	0.000000E+0	0.000000E+0
9.795232E+3	-5.973800E-4	1.243870E+4	0.000000E+0	0.000000E+0
9.855230E+3	-5.973400E-4	1.244010E+4	0.000000E+0	0.000000E+0
9.915233E+3	-5.973100E-4	1.244070E+4	0.000000E+0	0.000000E+0
9.975232E+3	-5.972900E-4	1.244190E+4	0.000000E+0	0.000000E+0
1.003523E+4	-5.973100E-4	1.244380E+4	0.000000E+0	0.000000E+0
1.009523E+4	-5.973100E-4	1.244510E+4	0.000000E+0	0.000000E+0
1.015523E+4	-5.973800E-4	1.244600E+4	0.000000E+0	0.000000E+0
1.021523E+4	-5.973300E-4	1.244710E+4	0.000000E+0	0.000000E+0
1.027523E+4	-5.973000E-4	1.244870E+4	0.000000E+0	0.000000E+0
1.033523E+4	-5.973100E-4	1.244990E+4	0.000000E+0	0.000000E+0
1.039523E+4	-5.973100E-4	1.245110E+4	0.000000E+0	0.000000E+0
1.045523E+4	-5.973500E-4	1.245240E+4	0.000000E+0	0.000000E+0
1.051523E+4	-5.974000E-4	1.245370E+4	0.000000E+0	0.000000E+0
1.057523E+4	-5.973800E-4	1.245480E+4	0.000000E+0	0.000000E+0
1.063523E+4	-5.973800E-4	1.245590E+4	0.000000E+0	0.000000E+0
1.069523E+4	-5.973900E-4	1.245660E+4	0.000000E+0	0.000000E+0
1.075523E+4	-5.973800E-4	1.245810E+4	0.000000E+0	0.000000E+0
1.081523E+4	-5.973800E-4	1.245960E+4	0.000000E+0	0.000000E+0
1.087523E+4	-5.973900E-4	1.246110E+4	0.000000E+0	0.000000E+0
1.093523E+4	-5.973900E-4	1.246190E+4	0.000000E+0	0.000000E+0
1.099523E+4	-5.973700E-4	1.246280E+4	0.000000E+0	0.000000E+0
1.105523E+4	-5.974700E-4	1.246400E+4	0.000000E+0	0.000000E+0
1.111523E+4	-5.974000E-4	1.246520E+4	0.000000E+0	0.000000E+0
1.117523E+4	-5.974100E-4	1.246630E+4	0.000000E+0	0.000000E+0
1.123523E+4	-5.974700E-4	1.246740E+4	0.000000E+0	0.000000E+0
1.129523E+4	-5.974200E-4	1.246850E+4	0.000000E+0	0.000000E+0
1.135523E+4	-5.974600E-4	1.246990E+4	0.000000E+0	0.000000E+0
1.141523E+4	-5.974700E-4	1.247120E+4	0.000000E+0	0.000000E+0
1.147523E+4	-5.974800E-4	1.247240E+4	0.000000E+0	0.000000E+0
1.153523E+4	-5.974100E-4	1.247310E+4	0.000000E+0	0.000000E+0
1.159523E+4	-5.974600E-4	1.247390E+4	0.000000E+0	0.000000E+0
1.165523E+4	-5.974300E-4	1.247510E+4	0.000000E+0	0.000000E+0
1.171523E+4	-5.974500E-4	1.247590E+4	0.000000E+0	0.000000E+0
1.177523E+4	-5.974500E-4	1.247700E+4	0.000000E+0	0.000000E+0
1.183523E+4	-5.975100E-4	1.247790E+4	0.000000E+0	0.000000E+0
1.189523E+4	-5.974600E-4	1.247930E+4	0.000000E+0	0.000000E+0
1.195523E+4	-5.974500E-4	1.248070E+4	0.000000E+0	0.000000E+0
1.201523E+4	-5.974900E-4	1.248090E+4	0.000000E+0	0.000000E+0
1.207523E+4	-5.974700E-4	1.248230E+4	0.000000E+0	0.000000E+0
1.213523E+4	-5.974700E-4	1.248310E+4	0.000000E+0	0.000000E+0
1.219523E+4	-5.974600E-4	1.248410E+4	0.000000E+0	0.000000E+0
1.225523E+4	-5.975300E-4	1.248520E+4	0.000000E+0	0.000000E+0
1.231523E+4	-5.975600E-4	1.248600E+4	0.000000E+0	0.000000E+0
1.237523E+4	-5.974800E-4	1.248750E+4	0.000000E+0	0.000000E+0
1.243523E+4	-5.975500E-4	1.248850E+4	0.000000E+0	0.000000E+0
1.249523E+4	-5.975200E-4	1.248960E+4	0.000000E+0	0.000000E+0
1.255523E+4	-5.974400E-4	1.249060E+4	0.000000E+0	0.000000E+0
1.261523E+4	-5.974500E-4	1.249150E+4	0.000000E+0	0.000000E+0
1.267523E+4	-5.974900E-4	1.249250E+4	0.000000E+0	0.000000E+0
1.273523E+4	-5.975600E-4	1.249320E+4	0.000000E+0	0.000000E+0
1.279523E+4	-5.975300E-4	1.249480E+4	0.000000E+0	0.000000E+0
1.285523E+4	-5.976000E-4	1.249520E+4	0.000000E+0	0.000000E+0
1.291523E+4	-5.975800E-4	1.249630E+4	0.000000E+0	0.000000E+0
1.297523E+4	-5.975200E-4	1.249670E+4	0.000000E+0	0.000000E+0
1.303523E+4	-5.976000E-4	1.249810E+4	0.000000E+0	0.000000E+0
1.309523E+4	-5.975500E-4	1.249930E+4	0.000000E+0	0.000000E+0
1.315523E+4	-5.975200E-4	1.250070E+4	0.000000E+0	0.000000E+0
1.321523E+4	-5.976200E-4	1.250100E+4	0.000000E+0	0.000000E+0
1.327523E+4	-5.975800E-4	1.250200E+4	0.000000E+0	0.000000E+0
1.333523E+4	-5.975900E-4	1.250320E+4	0.000000E+0	0.000000E+0
1.339523E+4	-5.976200E-4	1.250410E+4	0.000000E+0	0.000000E+0
1.345522E+4	-5.976300E-4	1.250480E+4	0.000000E+0	0.000000E+0
1.351522E+4	-5.976500E-4	1.250560E+4	0.000000E+0	0.000000E+0
1.357523E+4	-5.976700E-4	1.250620E+4	0.000000E+0	0.000000E+0
1.363523E+4	-5.975900E-4	1.250740E+4	0.000000E+0	0.000000E+0
1.369523E+4	-5.976000E-4	1.250840E+4	0.000000E+0	0.000000E+0
1.375523E+4	-5.976500E-4	1.250960E+4	0.000000E+0	0.000000E+0
1.381523E+4	-5.976300E-4	1.251050E+4	0.000000E+0	0.000000E+0
1.387522E+4	-5.976600E-4	1.251070E+4	0.000000E+0	0.000000E+0
1.393523E+4	-5.977000E-4	1.251170E+4	0.000000E+0	0.000000E+0
1.399523E+4	-5.976200E-4	1.251290E+4	0.000000E+0	0.000000E+0
1.405523E+4	-5.976300E-4	1.251400E+4	0.000000E+0	0.000000E+0
1.411523E+4	-5.976800E-4	1.251450E+4	0.000000E+0	0.000000E+0
1.417523E+4	-5.976100E-4	1.251530E+4	0.000000E+0	0.000000E+0
1.423523E+4	-5.976700E-4	1.251620E+4	0.000000E+0	0.000000E+0
1.429523E+4	-5.977000E-4	1.251740E+4	0.000000E+0	0.000000E+0
1.435523E+4	-5.977500E-4	1.251800E+4	0.000000E+0	0.000000E+0
1.441523E+4	-5.977300E-4	1.251960E+4	0.000000E+0	0.000000E+0
1.447523E+4	-5.977000E-4	1.252100E+4	0.000000E+0	0.000000E+0
1.453523E+4	-5.977200E-4	1.252200E+4	0.000000E+0	0.000000E+0
1.459521E+4	-5.977200E-4	1.252320E+4	0.000000E+0	0.000000E+0
1.465523E+4	-5.976900E-4	1.252410E+4	0.000000E+0	0.000000E+0
1.471523E+4	-5.976500E-4	1.252520E+4	0.000000E+0	0.000000E+0
1.477523E+4	-5.976700E-4	1.252600E+4	0.000000E+0	0.000000E+0
1.483520E+4	-5.977300E-4	1.252770E+4	0.000000E+0	0.000000E+0
1.489523E+4	-5.977100E-4	1.252810E+4	0.000000E+0	0.000000E+0
1.495521E+4	-5.976800E-4	1.252910E+4	0.000000E+0	0.000000E+0
1.501523E+4	-5.977300E-4	1.253020E+4	0.000000E+0	0.000000E+0
1.507523E+4	-5.977500E-4	1.253160E+4	0.000000E+0	0.000000E+0
1.513523E+4	-5.977000E-4	1.253240E+4	0.000000E+0	0.000000E+0
1.519523E+4	-5.976700E-4	1.253350E+4	0.000000E+0	0.000000E+0
1.525523E+4	-5.976500E-4	1.253470E+4	0.000000E+0	0.000000E+0
1.531523E+4	-5.977000E-4	1.253520E+4	0.000000E+0	0.000000E+0
1.537523E+4	-5.977900E-4	1.253660E+4	0.000000E+0	0.000000E+0
1.543523E+4	-5.977500E-4	1.253750E+4	0.000000E+0	0.000000E+0
1.549523E+4	-5.977100E-4	1.253860E+4	0.000000E+0	0.000000E+0
1.555523E+4	-5.977000E-4	1.253970E+4	0.000000E+0	0.000000E+0
1.561523E+4	-5.977500E-4	1.254050E+4	0.000000E+0	0.000000E+0
1.567523E+4	-5.977600E-4	1.254110E+4	0.000000E+0	0.000000E+0
1.573523E+4	-5.978000E-4	1.254200E+4	0.000000E+0	0.000000E+0
1.579523E+4	-5.977400E-4	1.254270E+4	0.000000E+0	0.000000E+0
1.585523E+4	-5.977200E-4	1.254330E+4	0.000000E+0	0.000000E+0
1.591523E+4	-5.977600E-4	1.254450E+4	0.000000E+0	0.000000E+0
1.597522E+4	-5.977600E-4	1.254520E+4	0.000000E+0	0.000000E+0
1.603523E+4	-5.977700E-4	1.254630E+4	0.000000E+0	0.000000E+0
1.609523E+4	-5.977900E-4	1.254660E+4	0.000000E+0	0.000000E+0
1.615523E+4	-5.978200E-4	1.254770E+4	0.000000E+0	0.000000E+0
1.621523E+4	-5.978100E-4	1.254880E+4	0.000000E+0	0.000000E+0
1.627523E+4	-5.977900E-4	1.254950E+4	0.000000E+0	0.000000E+0
1.633523E+4	-5.978300E-4	1.255040E+4	0.000000E+0	0.000000E+0
1.639523E+4	-5.977700E-4	1.255140E+4	0.000000E+0	0.000000E+0
1.645523E+4	-5.978000E-4	1.255230E+4	0.000000E+0	0.000000E+0
1.651523E+4	-5.977900E-4	1.255330E+4	0.000000E+0	0.000000E+0
1.657523E+4	-5.977900E-4	1.255350E+4	0.000000E+0	0.000000E+0
1.663523E+4	-5.977800E-4	1.255440E+4	0.000000E+0	0.000000E+0
1.669521E+4	-5.977700E-4	1.255530E+4	0.000000E+0	0.000000E+0
1.675523E+4	-5.977600E-4	1.255590E+4	0.000000E+0	0.000000E+0
1.681523E+4	-5.978200E-4	1.255660E+4	0.000000E+0	0.000000E+0
1.687523E+4	-5.977400E-4	1.255750E+4	0.000000E+0	0.000000E+0
1.693523E+4	-5.978300E-4	1.255810E+4	0.000000E+0	0.000000E+0
1.699523E+4	-5.978300E-4	1.255950E+4	0.000000E+0	0.000000E+0
1.705523E+4	-5.978400E-4	1.256040E+4	0.000000E+0	0.000000E+0
1.711523E+4	-5.977800E-4	1.256110E+4	0.000000E+0	0.000000E+0
1.717523E+4	-5.977800E-4	1.256220E+4	0.000000E+0	0.000000E+0
1.723523E+4	-5.978200E-4	1.256320E+4	0.000000E+0	0.000000E+0
1.729523E+4	-5.978800E-4	1.256360E+4	0.000000E+0	0.000000E+0
1.735523E+4	-5.978600E-4	1.256450E+4	0.000000E+0	0.000000E+0
1.741523E+4	-5.978100E-4	1.256530E+4	0.000000E+0	0.000000E+0
1.747521E+4	-5.978000E-4	1.256580E+4	0.000000E+0	0.000000E+0
1.753522E+4	-5.977900E-4	1.256700E+4	0.000000E+0	0.000000E+0
1.759523E+4	-5.978800E-4	1.256750E+4	0.000000E+0	0.000000E+0
1.765523E+4	-5.979200E-4	1.256880E+4	0.000000E+0	0.000000E+0
1.771523E+4	-5.978900E-4	1.256980E+4	0.000000E+0	0.000000E+0
1.777523E+4	-5.979000E-4	1.257030E+4	0.000000E+0	0.000000E+0
1.783523E+4	-5.978900E-4	1.257060E+4	0.000000E+0	0.000000E+0
1.789523E+4	-5.978900E-4	1.257140E+4	0.000000E+0	0.000000E+0
1.795523E+4	-5.978500E-4	1.257190E+4	0.000000E+0	0.000000E+0
1.801523E+4	-5.978700E-4	1.257310E+4	0.000000E+0	0.000000E+0
1.807523E+4	-5.978900E-4	1.257340E+4	0.000000E+0	0.000000E+0
1.813522E+4	-5.978700E-4	1.257440E+4	0.000000E+0	0.000000E+0
1.819523E+4	-5.978700E-4	1.257510E+4	0.000000E+0	0.000000E+0
1.825523E+4	-5.979000E-4	1.257650E+4	0.000000E+0	0.000000E+0
1.831523E+4	-5.978400E-4	1.257700E+4	0.000000E+0	0.000000E+0
1.837523E+4	-5.978500E-4	1.257760E+4	0.000000E+0	0.000000E+0
1.843523E+4	-5.979100E-4	1.257900E+4	0.000000E+0	0.000000E+0
1.849523E+4	-5.979200E-4	1.257900E+4	0.000000E+0	0.000000E+0
1.855523E+4	-5.978500E-4	1.257980E+4	0.000000E+0	0.000000E+0
1.861523E+4	-5.978600E-4	1.258080E+4	0.000000E+0	0.000000E+0
1.867523E+4	-5.978900E-4	1.258170E+4	0.000000E+0	0.000000E+0
1.873523E+4	-5.979500E-4	1.258230E+4	0.000000E+0	0.000000E+0
1.879523E+4	-5.979400E-4	1.258340E+4	0.000000E+0	0.000000E+0
1.885520E+4	-5.979900E-4	1.258400E+4	0.000000E+0	0.000000E+0
1.891523E+4	-5.979200E-4	1.258480E+4	0.000000E+0	0.000000E+0
1.897523E+4	-5.978700E-4	1.258520E+4	0.000000E+0	0.000000E+0
1.903523E+4	-5.979100E-4	1.258630E+4	0.000000E+0	0.000000E+0
1.909522E+4	-5.980200E-4	1.258700E+4	0.000000E+0	0.000000E+0
1.915522E+4	-5.979200E-4	1.258800E+4	0.000000E+0	0.000000E+0
1.921523E+4	-5.979400E-4	1.258860E+4	0.000000E+0	0.000000E+0
1.927523E+4	-5.979400E-4	1.258950E+4	0.000000E+0	0.000000E+0
1.933523E+4	-5.979300E-4	1.258990E+4	0.000000E+0	0.000000E+0
1.939523E+4	-5.979000E-4	1.259050E+4	0.000000E+0	0.000000E+0
1.945523E+4	-5.979500E-4	1.259130E+4	0.000000E+0	0.000000E+0
1.951520E+4	-5.980200E-4	1.259220E+4	0.000000E+0	0.000000E+0
1.957523E+4	-5.979800E-4	1.259270E+4	0.000000E+0	0.000000E+0
1.963523E+4	-5.979600E-4	1.259350E+4	0.000000E+0	0.000000E+0
1.969523E+4	-5.979400E-4	1.259430E+4	0.000000E+0	0.000000E+0
1.975521E+4	-5.979500E-4	1.259510E+4	0.000000E+0	0.000000E+0
1.981523E+4	-5.979000E-4	1.259560E+4	0.000000E+0	0.000000E+0
1.987523E+4	-5.979300E-4	1.259670E+4	0.000000E+0	0.000000E+0
1.993523E+4	-5.980300E-4	1.259750E+4	0.000000E+0	0.000000E+0
1.999523E+4	-5.979900E-4	1.259790E+4	0.000000E+0	0.000000E+0
2.005520E+4	-5.979600E-4	1.259900E+4	0.000000E+0	0.000000E+0
2.011523E+4	-5.980400E-4	1.259990E+4	0.000000E+0	0.000000E+0
2.017523E+4	-5.980400E-4	1.260080E+4	0.000000E+0	0.000000E+0
2.023523E+4	-5.980600E-4	1.260130E+4	0.000000E+0	0.000000E+0
2.029523E+4	-5.980200E-4	1.260170E+4	0.000000E+0	0.000000E+0
2.035522E+4	-5.980700E-4	1.260270E+4	0.000000E+0	0.000000E+0
2.041523E+4	-5.980200E-4	1.260420E+4	0.000000E+0	0.000000E+0
2.047523E+4	-5.979800E-4	1.260420E+4	0.000000E+0	0.000000E+0
2.053523E+4	-5.979700E-4	1.260510E+4	0.000000E+0	0.000000E+0
2.059523E+4	-5.979700E-4	1.260610E+4	0.000000E+0	0.000000E+0
2.065523E+4	-5.980100E-4	1.260690E+4	0.000000E+0	0.000000E+0
2.071523E+4	-5.980200E-4	1.260760E+4	0.000000E+0	0.000000E+0
2.077523E+4	-5.980200E-4	1.260820E+4	0.000000E+0	0.000000E+0
2.083523E+4	-5.980600E-4	1.260880E+4	0.000000E+0	0.000000E+0
2.089521E+4	-5.980900E-4	1.260910E+4	0.000000E+0	0.000000E+0
2.095523E+4	-5.980500E-4	1.260960E+4	0.000000E+0	0.000000E+0
2.101523E+4	-5.980600E-4	1.261060E+4	0.000000E+0	0.000000E+0
2.107523E+4	-5.980700E-4	1.261120E+4	0.000000E+0	0.000000E+0
2.113523E+4	-5.980500E-4	1.261180E+4	0.000000E+0	0.000000E+0
2.119523E+4	-5.980500E-4	1.261240E+4	0.000000E+0	0.000000E+0
2.125523E+4	-5.980300E-4	1.261300E+4	0.000000E+0	0.000000E+0
2.131523E+4	-5.980000E-4	1.261380E+4	0.000000E+0	0.000000E+0
2.137523E+4	-5.980000E-4	1.261460E+4	0.000000E+0	0.000000E+0
2.143523E+4	-5.980200E-4	1.261520E+4	0.000000E+0	0.000000E+0
2.149523E+4	-5.980400E-4	1.261560E+4	0.000000E+0	0.000000E+0
2.155523E+4	-5.980700E-4	1.261620E+4	0.000000E+0	0.000000E+0
2.161523E+4	-5.980800E-4	1.261690E+4	0.000000E+0	0.000000E+0
2.167523E+4	-5.981100E-4	1.261750E+4	0.000000E+0	0.000000E+0
2.173523E+4	-5.980900E-4	1.261810E+4	0.000000E+0	0.000000E+0
2.179523E+4	-5.980800E-4	1.261840E+4	0.000000E+0	0.000000E+0
2.185523E+4	-5.981200E-4	1.261900E+4	0.000000E+0	0.000000E+0
2.191523E+4	-5.980900E-4	1.261960E+4	0.000000E+0	0.000000E+0
2.197523E+4	-5.980900E-4	1.262040E+4	0.000000E+0	0.000000E+0
2.203523E+4	-5.981400E-4	1.262090E+4	0.000000E+0	0.000000E+0
2.209523E+4	-5.981100E-4	1.262200E+4	0.000000E+0	0.000000E+0
2.215523E+4	-5.980800E-4	1.262280E+4	0.000000E+0	0.000000E+0
2.221523E+4	-5.980800E-4	1.262330E+4	0.000000E+0	0.000000E+0
2.227521E+4	-5.980900E-4	1.262390E+4	0.000000E+0	0.000000E+0
2.233523E+4	-5.980600E-4	1.262450E+4	0.000000E+0	0.000000E+0
2.239523E+4	-5.980800E-4	1.262520E+4	0.000000E+0	0.000000E+0
2.245523E+4	-5.980700E-4	1.262590E+4	0.000000E+0	0.000000E+0
2.251523E+4	-5.981000E-4	1.262670E+4	0.000000E+0	0.000000E+0
2.257523E+4	-5.980800E-4	1.262700E+4	0.000000E+0	0.000000E+0
2.263520E+4	-5.981600E-4	1.262790E+4	0.000000E+0	0.000000E+0
2.269522E+4	-5.980600E-4	1.262850E+4	0.000000E+0	0.000000E+0
2.275523E+4	-5.981500E-4	1.262940E+4	0.000000E+0	0.000000E+0
2.281521E+4	-5.981200E-4	1.262950E+4	0.000000E+0	0.000000E+0
2.287522E+4	-5.981100E-4	1.263010E+4	0.000000E+0	0.000000E+0
2.293523E+4	-5.981200E-4	1.263080E+4	0.000000E+0	0.000000E+0
2.299523E+4	-5.981600E-4	1.263130E+4	0.000000E+0	0.000000E+0
2.305523E+4	-5.980900E-4	1.263170E+4	0.000000E+0	0.000000E+0
2.311523E+4	-5.981400E-4	1.263240E+4	0.000000E+0	0.000000E+0
2.317523E+4	-5.981600E-4	1.263330E+4	0.000000E+0	0.000000E+0
2.323523E+4	-5.981900E-4	1.263420E+4	0.000000E+0	0.000000E+0
2.329521E+4	-5.981700E-4	1.263450E+4	0.000000E+0	0.000000E+0
2.335523E+4	-5.981100E-4	1.263480E+4	0.000000E+0	0.000000E+0
2.341523E+4	-5.981000E-4	1.263520E+4	0.000000E+0	0.000000E+0
2.347523E+4	-5.981000E-4	1.263600E+4	0.000000E+0	0.000000E+0
2.353523E+4	-5.981000E-4	1.263640E+4	0.000000E+0	0.000000E+0
2.359523E+4	-5.980900E-4	1.263720E+4	0.000000E+0	0.000000E+0
2.365520E+4	-5.980800E-4	1.263790E+4	0.000000E+0	0.000000E+0
2.371523E+4	-5.980500E-4	1.263850E+4	0.000000E+0	0.000000E+0
2.377523E+4	-5.981500E-4	1.263880E+4	0.000000E+0	0.000000E+0
2.383523E+4	-5.982200E-4	1.263930E+4	0.000000E+0	0.000000E+0
2.389523E+4	-5.981200E-4	1.264010E+4	0.000000E+0	0.000000E+0
2.395523E+4	-5.981200E-4	1.264060E+4	0.000000E+0	0.000000E+0
2.401523E+4	-5.981200E-4	1.264110E+4	0.000000E+0	0.000000E+0
2.407523E+4	-5.981700E-4	1.264130E+4	0.000000E+0	0.000000E+0
2.413523E+4	-5.981500E-4	1.264190E+4	0.000000E+0	0.000000E+0
2.419523E+4	-5.981000E-4	1.264240E+4	0.000000E+0	0.000000E+0
2.425523E+4	-5.981700E-4	1.264290E+4	0.000000E+0	0.000000E+0
2.431523E+4	-5.982100E-4	1.264350E+4	0.000000E+0	0.000000E+0
2.437523E+4	-5.982200E-4	1.264440E+4	0.000000E+0	0.000000E+0
2.443523E+4	-5.982000E-4	1.264470E+4	0.000000E+0	0.000000E+0
2.449523E+4	-5.982000E-4	1.264520E+4	0.000000E+0	0.000000E+0
2.455523E+4	-5.982000E-4	1.264550E+4	0.000000E+0	0.000000E+0
2.461523E+4	-5.981800E-4	1.264570E+4	0.000000E+0	0.000000E+0
2.467523E+4	-5.982100E-4	1.264650E+4	0.000000E+0	0.000000E+0
2.473521E+4	-5.982200E-4	1.264700E+4	0.000000E+0	0.000000E+0
2.479523E+4	-5.982000E-4	1.264770E+4	0.000000E+0	0.000000E+0
2.485523E+4	-5.981800E-4	1.264840E+4	0.000000E+0	0.000000E+0
2.491523E+4	-5.981700E-4	1.264890E+4	0.000000E+0	0.000000E+0
2.497523E+4	-5.981700E-4	1.264920E+4	0.000000E+0	0.000000E+0
2.503523E+4	-5.982100E-4	1.264970E+4	0.000000E+0	0.000000E+0
2.509523E+4	-5.982200E-4	1.265020E+4	0.000000E+0	0.000000E+0
2.515523E+4	-5.981700E-4	1.265120E+4	0.000000E+0	0.000000E+0
2.521523E+4	-5.982100E-4	1.265150E+4	0.000000E+0	0.000000E+0
2.527523E+4	-5.981900E-4	1.265170E+4	0.000000E+0	0.000000E+0
2.533523E+4	-5.982100E-4	1.265210E+4	0.000000E+0	0.000000E+0
2.539523E+4	-5.981600E-4	1.265280E+4	0.000000E+0	0.000000E+0
2.545523E+4	-5.982000E-4	1.265330E+4	0.000000E+0	0.000000E+0
2.551523E+4	-5.981800E-4	1.265410E+4	0.000000E+0	0.000000E+0
2.557523E+4	-5.982000E-4	1.265450E+4	0.000000E+0	0.000000E+0
2.563523E+4	-5.982000E-4	1.265460E+4	0.000000E+0	0.000000E+0
2.569523E+4	-5.982300E-4	1.265490E+4	0.000000E+0	0.000000E+0
2.575523E+4	-5.982300E-4	1.265510E+4	0.000000E+0	0.000000E+0
2.581523E+4	-5.982200E-4	1.265580E+4	0.000000E+0	0.000000E+0
2.587523E+4	-5.982200E-4	1.265630E+4	0.000000E+0	0.000000E+0
2.593523E+4	-5.982100E-4	1.265670E+4	0.000000E+0	0.000000E+0
2.599523E+4	-5.982200E-4	1.265710E+4	0.000000E+0	0.000000E+0
2.605523E+4	-5.982300E-4	1.265760E+4	0.000000E+0	0.000000E+0
2.611523E+4	-5.982100E-4	1.265790E+4	0.000000E+0	0.000000E+0
2.617523E+4	-5.982000E-4	1.265830E+4	0.000000E+0	0.000000E+0
2.623523E+4	-5.982500E-4	1.265860E+4	0.000000E+0	0.000000E+0
2.629521E+4	-5.982000E-4	1.265970E+4	0.000000E+0	0.000000E+0
2.635522E+4	-5.981800E-4	1.265990E+4	0.000000E+0	0.000000E+0
2.641523E+4	-5.982300E-4	1.266010E+4	0.000000E+0	0.000000E+0
2.647523E+4	-5.982200E-4	1.266080E+4	0.000000E+0	0.000000E+0
2.653523E+4	-5.981900E-4	1.266140E+4	0.000000E+0	0.000000E+0
2.659522E+4	-5.982000E-4	1.266150E+4	0.000000E+0	0.000000E+0
2.665522E+4	-5.981900E-4	1.266190E+4	0.000000E+0	0.000000E+0
2.671523E+4	-5.982000E-4	1.266240E+4	0.000000E+0	0.000000E+0
2.677523E+4	-5.982400E-4	1.266280E+4	0.000000E+0	0.000000E+0
2.683523E+4	-5.982600E-4	1.266290E+4	0.000000E+0	0.000000E+0
2.689523E+4	-5.982600E-4	1.266360E+4	0.000000E+0	0.000000E+0
2.695523E+4	-5.982500E-4	1.266400E+4	0.000000E+0	0.000000E+0
2.701521E+4	-5.982400E-4	1.266470E+4	0.000000E+0	0.000000E+0
2.707523E+4	-5.982500E-4	1.266490E+4	0.000000E+0	0.000000E+0
2.713520E+4	-5.982500E-4	1.266520E+4	0.000000E+0	0.000000E+0
2.719523E+4	-5.981900E-4	1.266550E+4	0.000000E+0	0.000000E+0
2.725523E+4	-5.982100E-4	1.266600E+4	0.000000E+0	0.000000E+0
2.731523E+4	-5.982200E-4	1.266660E+4	0.000000E+0	0.000000E+0
2.737523E+4	-5.982200E-4	1.266670E+4	0.000000E+0	0.000000E+0
2.743523E+4	-5.982400E-4	1.266730E+4	0.000000E+0	0.000000E+0
2.749523E+4	-5.983000E-4	1.266760E+4	0.000000E+0	0.000000E+0
2.755522E+4	-5.983100E-4	1.266810E+4	0.000000E+0	0.000000E+0
2.761523E+4	-5.983200E-4	1.266870E+4	0.000000E+0	0.000000E+0
2.767523E+4	-5.983000E-4	1.266890E+4	0.000000E+0	0.000000E+0
2.773523E+4	-5.982600E-4	1.266950E+4	0.000000E+0	0.000000E+0
2.779523E+4	-5.982300E-4	1.266980E+4	0.000000E+0	0.000000E+0
2.785523E+4	-5.983000E-4	1.267030E+4	0.000000E+0	0.000000E+0
2.791523E+4	-5.982800E-4	1.267050E+4	0.000000E+0	0.000000E+0
2.797523E+4	-5.982600E-4	1.267110E+4	0.000000E+0	0.000000E+0
2.803523E+4	-5.982500E-4	1.267160E+4	0.000000E+0	0.000000E+0
2.809523E+4	-5.982400E-4	1.267160E+4	0.000000E+0	0.000000E+0
2.815523E+4	-5.982900E-4	1.267200E+4	0.000000E+0	0.000000E+0
2.821523E+4	-5.983000E-4	1.267310E+4	0.000000E+0	0.000000E+0
2.827523E+4	-5.982700E-4	1.267360E+4	0.000000E+0	0.000000E+0
2.833523E+4	-5.983500E-4	1.267400E+4	0.000000E+0	0.000000E+0
2.839523E+4	-5.983000E-4	1.267430E+4	0.000000E+0	0.000000E+0
2.845523E+4	-5.982900E-4	1.267450E+4	0.000000E+0	0.000000E+0
2.851521E+4	-5.983100E-4	1.267510E+4	0.000000E+0	0.000000E+0
2.857523E+4	-5.983600E-4	1.267550E+4	0.000000E+0	0.000000E+0
2.863523E+4	-5.983500E-4	1.267590E+4	0.000000E+0	0.000000E+0
2.869523E+4	-5.983400E-4	1.267620E+4	0.000000E+0	0.000000E+0
2.875523E+4	-5.982500E-4	1.267700E+4	0.000000E+0	0.000000E+0
2.881523E+4	-5.983200E-4	1.267730E+4	0.000000E+0	0.000000E+0
2.887523E+4	-5.982600E-4	1.267810E+4	0.000000E+0	0.000000E+0
2.893523E+4	-5.983200E-4	1.267850E+4	0.000000E+0	0.000000E+0
2.899521E+4	-5.983000E-4	1.267870E+4	0.000000E+0	0.000000E+0
2.905523E+4	-5.983400E-4	1.267940E+4	0.000000E+0	0.000000E+0
2.911523E+4	-5.982700E-4	1.267950E+4	0.000000E+0	0.000000E+0
2.917523E+4	-5.983600E-4	1.267980E+4	0.000000E+0	0.000000E+0
2.923523E+4	-5.983400E-4	1.268000E+4	0.000000E+0	0.000000E+0
2.929523E+4	-5.983300E-4	1.268040E+4	0.000000E+0	0.000000E+0
2.935523E+4	-5.983700E-4	1.268090E+4	0.000000E+0	0.000000E+0
2.941522E+4	-5.983500E-4	1.268130E+4	0.000000E+0	0.000000E+0
2.947523E+4	-5.983800E-4	1.268170E+4	0.000000E+0	0.000000E+0
2.953523E+4	-5.983500E-4	1.268190E+4	0.000000E+0	0.000000E+0
2.959523E+4	-5.983200E-4	1.268210E+4	0.000000E+0	0.000000E+0
2.965521E+4	-5.983400E-4	1.268240E+4	0.000000E+0	0.000000E+0
2.971523E+4	-5.983200E-4	1.268310E+4	0.000000E+0	0.000000E+0
2.977523E+4	-5.982900E-4	1.268350E+4	0.000000E+0	0.000000E+0
2.983523E+4	-5.983200E-4	1.268380E+4	0.000000E+0	0.000000E+0
2.989523E+4	-5.983100E-4	1.268430E+4	0.000000E+0	0.000000E+0
2.995523E+4	-5.983300E-4	1.268450E+4	0.000000E+0	0.000000E+0
3.001523E+4	-5.983700E-4	1.268500E+4	0.000000E+0	0.000000E+0
3.007523E+4	-5.983200E-4	1.268510E+4	0.000000E+0	0.000000E+0
3.013522E+4	-5.983100E-4	1.268570E+4	0.000000E+0	0.000000E+0
3.019523E+4	-5.983400E-4	1.268610E+4	0.000000E+0	0.000000E+0
3.025523E+4	-5.983400E-4	1.268670E+4	0.000000E+0	0.000000E+0
3.031523E+4	-5.983200E-4	1.268700E+4	0.000000E+0	0.000000E+0
3.037521E+4	-5.983600E-4	1.268740E+4	0.000000E+0	0.000000E+0
3.043523E+4	-5.983100E-4	1.268790E+4	0.000000E+0	0.000000E+0
3.049523E+4	-5.983500E-4	1.268810E+4	0.000000E+0	0.000000E+0
3.055523E+4	-5.983500E-4	1.268850E+4	0.000000E+0	0.000000E+0
3.061523E+4	-5.983900E-4	1.268890E+4	0.000000E+0	0.000000E+0
3.067523E+4	-5.983500E-4	1.268930E+4	0.000000E+0	0.000000E+0
3.073523E+4	-5.983400E-4	1.268970E+4	0.000000E+0	0.000000E+0
3.079523E+4	-5.983200E-4	1.268930E+4	0.000000E+0	0.000000E+0
3.085523E+4	-5.983700E-4	1.268990E+4	0.000000E+0	0.000000E+0
3.091523E+4	-5.983800E-4	1.269000E+4	0.000000E+0	0.000000E+0
3.097523E+4	-5.983200E-4	1.269050E+4	0.000000E+0	0.000000E+0
3.103523E+4	-5.983500E-4	1.269100E+4	0.000000E+0	0.000000E+0
3.109524E+4	-5.983100E-4	1.269130E+4	0.000000E+0	0.000000E+0
3.115523E+4	-5.983500E-4	1.269150E+4	0.000000E+0	0.000000E+0
3.121523E+4	-5.983700E-4	1.269220E+4	0.000000E+0	0.000000E+0
3.127523E+4	-5.984100E-4	1.269230E+4	0.000000E+0	0.000000E+0
3.133523E+4	-5.983800E-4	1.269280E+4	0.000000E+0	0.000000E+0
3.139523E+4	-5.984200E-4	1.269300E+4	0.000000E+0	0.000000E+0
3.145521E+4	-5.983900E-4	1.269360E+4	0.000000E+0	0.000000E+0
3.151523E+4	-5.984300E-4	1.269370E+4	0.000000E+0	0.000000E+0
3.157523E+4	-5.983800E-4	1.269390E+4	0.000000E+0	0.000000E+0
3.163523E+4	-5.983900E-4	1.269420E+4	0.000000E+0	0.000000E+0
3.169523E+4	-5.984200E-4	1.269440E+4	0.000000E+0	0.000000E+0
3.175523E+4	-5.984200E-4	1.269470E+4	0.000000E+0	0.000000E+0
3.181523E+4	-5.984400E-4	1.269520E+4	0.000000E+0	0.000000E+0
3.187523E+4	-5.983900E-4	1.269550E+4	0.000000E+0	0.000000E+0
3.193523E+4	-5.983500E-4	1.269570E+4	0.000000E+0	0.000000E+0
3.199523E+4	-5.984100E-4	1.269620E+4	0.000000E+0	0.000000E+0
3.205523E+4	-5.984200E-4	1.269640E+4	0.000000E+0	0.000000E+0
3.211523E+4	-5.983600E-4	1.269680E+4	0.000000E+0	0.000000E+0
3.217521E+4	-5.983900E-4	1.269700E+4	0.000000E+0	0.000000E+0
3.223523E+4	-5.984000E-4	1.269720E+4	0.000000E+0	0.000000E+0
3.229523E+4	-5.983800E-4	1.269780E+4	0.000000E+0	0.000000E+0
3.235523E+4	-5.984400E-4	1.269810E+4	0.000000E+0	0.000000E+0
3.241523E+4	-5.983900E-4	1.269840E+4	0.000000E+0	0.000000E+0
3.247523E+4	-5.984000E-4	1.269890E+4	0.000000E+0	0.000000E+0
3.253523E+4	-5.983900E-4	1.269860E+4	0.000000E+0	0.000000E+0
3.259521E+4	-5.983900E-4	1.269890E+4	0.000000E+0	0.000000E+0
3.265522E+4	-5.984600E-4	1.269940E+4	0.000000E+0	0.000000E+0
3.271523E+4	-5.984200E-4	1.269950E+4	0.000000E+0	0.000000E+0
3.277523E+4	-5.984500E-4	1.269990E+4	0.000000E+0	0.000000E+0
3.283523E+4	-5.984400E-4	1.270010E+4	0.000000E+0	0.000000E+0
3.289523E+4	-5.984100E-4	1.270040E+4	0.000000E+0	0.000000E+0
3.295522E+4	-5.984300E-4	1.270080E+4	0.000000E+0	0.000000E+0
3.301523E+4	-5.984100E-4	1.270100E+4	0.000000E+0	0.000000E+0
3.307521E+4	-5.984000E-4	1.270130E+4	0.000000E+0	0.000000E+0
3.313523E+4	-5.984600E-4	1.270140E+4	0.000000E+0	0.000000E+0
3.319523E+4	-5.984900E-4	1.270140E+4	0.000000E+0	0.000000E+0
3.325523E+4	-5.984600E-4	1.270190E+4	0.000000E+0	0.000000E+0
3.331523E+4	-5.984800E-4	1.270230E+4	0.000000E+0	0.000000E+0
3.337523E+4	-5.984100E-4	1.270230E+4	0.000000E+0	0.000000E+0
3.343523E+4	-5.984200E-4	1.270290E+4	0.000000E+0	0.000000E+0
3.349523E+4	-5.984500E-4	1.270320E+4	0.000000E+0	0.000000E+0
3.355523E+4	-5.984400E-4	1.270320E+4	0.000000E+0	0.000000E+0
3.361523E+4	-5.985100E-4	1.270350E+4	0.000000E+0	0.000000E+0
3.367523E+4	-5.984600E-4	1.270380E+4	0.000000E+0	0.000000E+0
3.373523E+4	-5.984400E-4	1.270410E+4	0.000000E+0	0.000000E+0
3.379521E+4	-5.984500E-4	1.270410E+4	0.000000E+0	0.000000E+0
3.385523E+4	-5.984500E-4	1.270420E+4	0.000000E+0	0.000000E+0
3.391523E+4	-5.984700E-4	1.270490E+4	0.000000E+0	0.000000E+0
3.397523E+4	-5.985100E-4	1.270510E+4	0.000000E+0	0.000000E+0
3.403521E+4	-5.985000E-4	1.270570E+4	0.000000E+0	0.000000E+0
3.409523E+4	-5.984100E-4	1.270580E+4	0.000000E+0	0.000000E+0
3.415523E+4	-5.984300E-4	1.270590E+4	0.000000E+0	0.000000E+0
3.421523E+4	-5.984100E-4	1.270620E+4	0.000000E+0	0.000000E+0
3.427523E+4	-5.983500E-4	1.270650E+4	0.000000E+0	0.000000E+0
3.433520E+4	-5.984100E-4	1.270690E+4	0.000000E+0	0.000000E+0
3.439523E+4	-5.984100E-4	1.270710E+4	0.000000E+0	0.000000E+0
3.445523E+4	-5.984000E-4	1.270730E+4	0.000000E+0	0.000000E+0
3.451523E+4	-5.983900E-4	1.270800E+4	0.000000E+0	0.000000E+0
3.457521E+4	-5.984100E-4	1.270790E+4	0.000000E+0	0.000000E+0
3.463522E+4	-5.984400E-4	1.270800E+4	0.000000E+0	0.000000E+0
3.469523E+4	-5.984900E-4	1.270890E+4	0.000000E+0	0.000000E+0
3.475523E+4	-5.984200E-4	1.270880E+4	0.000000E+0	0.000000E+0
3.481523E+4	-5.984200E-4	1.270910E+4	0.000000E+0	0.000000E+0
3.487523E+4	-5.984000E-4	1.270950E+4	0.000000E+0	0.000000E+0
3.493523E+4	-5.984000E-4	1.270980E+4	0.000000E+0	0.000000E+0
3.499522E+4	-5.984500E-4	1.271000E+4	0.000000E+0	0.000000E+0
3.505523E+4	-5.983900E-4	1.271030E+4	0.000000E+0	0.000000E+0
3.511523E+4	-5.984400E-4	1.271040E+4	0.000000E+0	0.000000E+0
3.517520E+4	-5.984400E-4	1.271040E+4	0.000000E+0	0.000000E+0
3.523523E+4	-5.984000E-4	1.271060E+4	0.000000E+0	0.000000E+0
3.529523E+4	-5.984000E-4	1.271110E+4	0.000000E+0	0.000000E+0
3.535523E+4	-5.984700E-4	1.271130E+4	0.000000E+0	0.000000E+0
3.541523E+4	-5.984500E-4	1.271160E+4	0.000000E+0	0.000000E+0
3.547523E+4	-5.983800E-4	1.271170E+4	0.000000E+0	0.000000E+0
3.553523E+4	-5.984100E-4	1.271190E+4	0.000000E+0	0.000000E+0
3.559523E+4	-5.983900E-4	1.271220E+4	0.000000E+0	0.000000E+0
3.565523E+4	-5.984100E-4	1.271280E+4	0.000000E+0	0.000000E+0
3.571523E+4	-5.984400E-4	1.271320E+4	0.000000E+0	0.000000E+0
3.577523E+4	-5.984600E-4	1.271360E+4	0.000000E+0	0.000000E+0
3.583523E+4	-5.984700E-4	1.271380E+4	0.000000E+0	0.000000E+0
3.589523E+4	-5.984500E-4	1.271450E+4	0.000000E+0	0.000000E+0
3.595523E+4	-5.985300E-4	1.271440E+4	0.000000E+0	0.000000E+0
3.601523E+4	-5.984100E-4	1.271470E+4	0.000000E+0	0.000000E+0
3.607523E+4	-5.984400E-4	1.271520E+4	0.000000E+0	0.000000E+0
3.613520E+4	-5.984600E-4	1.271560E+4	0.000000E+0	0.000000E+0
3.619522E+4	-5.984500E-4	1.271580E+4	0.000000E+0	0.000000E+0
3.625521E+4	-5.984600E-4	1.271600E+4	0.000000E+0	0.000000E+0
3.631522E+4	-5.985100E-4	1.271610E+4	0.000000E+0	0.000000E+0
3.637523E+4	-5.984300E-4	1.271680E+4	0.000000E+0	0.000000E+0
3.643523E+4	-5.984600E-4	1.271710E+4	0.000000E+0	0.000000E+0
3.649523E+4	-5.984400E-4	1.271750E+4	0.000000E+0	0.000000E+0
3.655523E+4	-5.984500E-4	1.271780E+4	0.000000E+0	0.000000E+0
3.661523E+4	-5.984100E-4	1.271780E+4	0.000000E+0	0.000000E+0
3.667523E+4	-5.984100E-4	1.271830E+4	0.000000E+0	0.000000E+0
3.673523E+4	-5.984400E-4	1.271860E+4	0.000000E+0	0.000000E+0
3.679523E+4	-5.984800E-4	1.271880E+4	0.000000E+0	0.000000E+0
3.685523E+4	-5.984400E-4	1.271940E+4	0.000000E+0	0.000000E+0
3.691523E+4	-5.984900E-4	1.271940E+4	0.000000E+0	0.000000E+0
3.697523E+4	-5.984300E-4	1.271950E+4	0.000000E+0	0.000000E+0
3.703523E+4	-5.984700E-4	1.271980E+4	0.000000E+0	0.000000E+0
3.709521E+4	-5.985000E-4	1.272020E+4	0.000000E+0	0.000000E+0
3.715522E+4	-5.985200E-4	1.272040E+4	0.000000E+0	0.000000E+0
3.721523E+4	-5.984900E-4	1.272080E+4	0.000000E+0	0.000000E+0
3.727523E+4	-5.985300E-4	1.272120E+4	0.000000E+0	0.000000E+0
3.733523E+4	-5.985100E-4	1.272130E+4	0.000000E+0	0.000000E+0
3.739521E+4	-5.985000E-4	1.272170E+4	0.000000E+0	0.000000E+0
3.745523E+4	-5.984700E-4	1.272190E+4	0.000000E+0	0.000000E+0
3.751523E+4	-5.985000E-4	1.272240E+4	0.000000E+0	0.000000E+0
3.757523E+4	-5.984600E-4	1.272300E+4	0.000000E+0	0.000000E+0
3.763523E+4	-5.984400E-4	1.272360E+4	0.000000E+0	0.000000E+0
3.769523E+4	-5.984400E-4	1.272380E+4	0.000000E+0	0.000000E+0
3.775523E+4	-5.985000E-4	1.272390E+4	0.000000E+0	0.000000E+0
3.781523E+4	-5.985100E-4	1.272400E+4	0.000000E+0	0.000000E+0
3.787523E+4	-5.984600E-4	1.272450E+4	0.000000E+0	0.000000E+0
3.793523E+4	-5.985000E-4	1.272520E+4	0.000000E+0	0.000000E+0
3.799523E+4	-5.985000E-4	1.272540E+4	0.000000E+0	0.000000E+0
3.805523E+4	-5.985300E-4	1.272590E+4	0.000000E+0	0.000000E+0
3.811523E+4	-5.985500E-4	1.272590E+4	0.000000E+0	0.000000E+0
3.817523E+4	-5.985000E-4	1.272620E+4	0.000000E+0	0.000000E+0
3.823523E+4	-5.984500E-4	1.272660E+4	0.000000E+0	0.000000E+0
3.829523E+4	-5.985100E-4	1.272710E+4	0.000000E+0	0.000000E+0
3.835523E+4	-5.985400E-4	1.272720E+4	0.000000E+0	0.000000E+0
3.841523E+4	-5.985100E-4	1.272760E+4	0.000000E+0	0.000000E+0
3.847523E+4	-5.984800E-4	1.272740E+4	0.000000E+0	0.000000E+0
3.853523E+4	-5.984900E-4	1.272760E+4	0.000000E+0	0.000000E+0
3.859523E+4	-5.984200E-4	1.272760E+4	0.000000E+0	0.000000E+0
3.865523E+4	-5.984400E-4	1.272800E+4	0.000000E+0	0.000000E+0
3.871523E+4	-5.984400E-4	1.272800E+4	0.000000E+0	0.000000E+0
3.877523E+4	-5.984300E-4	1.272780E+4	0.000000E+0	0.000000E+0
3.883521E+4	-5.985000E-4	1.272770E+4	0.000000E+0	0.000000E+0
3.889523E+4	-5.984600E-4	1.272820E+4	0.000000E+0	0.000000E+0
3.895523E+4	-5.984800E-4	1.272890E+4	0.000000E+0	0.000000E+0
3.901523E+4	-5.984500E-4	1.272930E+4	0.000000E+0	0.000000E+0
3.907523E+4	-5.984800E-4	1.272950E+4	0.000000E+0	0.000000E+0
3.913523E+4	-5.985100E-4	1.272980E+4	0.000000E+0	0.000000E+0
3.919523E+4	-5.984800E-4	1.272980E+4	0.000000E+0	0.000000E+0
3.925523E+4	-5.985000E-4	1.273000E+4	0.000000E+0	0.000000E+0
3.931523E+4	-5.984700E-4	1.273030E+4	0.000000E+0	0.000000E+0
3.937523E+4	-5.984800E-4	1.273070E+4	0.000000E+0	0.000000E+0
3.943523E+4	-5.984800E-4	1.273110E+4	0.000000E+0	0.000000E+0
3.949523E+4	-5.984700E-4	1.273140E+4	0.000000E+0	0.000000E+0
3.955523E+4	-5.984700E-4	1.273200E+4	0.000000E+0	0.000000E+0
3.961523E+4	-5.984900E-4	1.273200E+4	0.000000E+0	0.000000E+0
3.967523E+4	-5.984700E-4	1.273220E+4	0.000000E+0	0.000000E+0
3.973523E+4	-5.985100E-4	1.273210E+4	0.000000E+0	0.000000E+0
3.979523E+4	-5.985400E-4	1.273230E+4	0.000000E+0	0.000000E+0
3.985523E+4	-5.985000E-4	1.273230E+4	0.000000E+0	0.000000E+0
3.991523E+4	-5.985500E-4	1.273230E+4	0.000000E+0	0.000000E+0
3.997523E+4	-5.986000E-4	1.273240E+4	0.000000E+0	0.000000E+0
4.003523E+4	-5.985200E-4	1.273270E+4	0.000000E+0	0.000000E+0
4.009523E+4	-5.985900E-4	1.273340E+4	0.000000E+0	0.000000E+0
4.015523E+4	-5.985400E-4	1.273370E+4	0.000000E+0	0.000000E+0
4.021523E+4	-5.985700E-4	1.273450E+4	0.000000E+0	0.000000E+0
4.027523E+4	-5.985500E-4	1.273470E+4	0.000000E+0	0.000000E+0
4.033521E+4	-5.985400E-4	1.273530E+4	0.000000E+0	0.000000E+0
4.039523E+4	-5.985700E-4	1.273540E+4	0.000000E+0	0.000000E+0
4.045521E+4	-5.985400E-4	1.273540E+4	0.000000E+0	0.000000E+0
4.051522E+4	-5.984700E-4	1.273580E+4	0.000000E+0	0.000000E+0
4.057523E+4	-5.984700E-4	1.273600E+4	0.000000E+0	0.000000E+0
4.063523E+4	-5.984600E-4	1.273610E+4	0.000000E+0	0.000000E+0
4.069523E+4	-5.985700E-4	1.273660E+4	0.000000E+0	0.000000E+0
4.075522E+4	-5.985200E-4	1.273690E+4	0.000000E+0	0.000000E+0
4.081523E+4	-5.984700E-4	1.273720E+4	0.000000E+0	0.000000E+0
4.087523E+4	-5.985000E-4	1.273780E+4	0.000000E+0	0.000000E+0
4.093523E+4	-5.984700E-4	1.273760E+4	0.000000E+0	0.000000E+0
4.099523E+4	-5.985500E-4	1.273780E+4	0.000000E+0	0.000000E+0
4.105523E+4	-5.984800E-4	1.273810E+4	0.000000E+0	0.000000E+0
4.111523E+4	-5.984800E-4	1.273820E+4	0.000000E+0	0.000000E+0
4.117523E+4	-5.984800E-4	1.273840E+4	0.000000E+0	0.000000E+0
4.123523E+4	-5.984900E-4	1.273870E+4	0.000000E+0	0.000000E+0
4.129521E+4	-5.984800E-4	1.273870E+4	0.000000E+0	0.000000E+0
4.135522E+4	-5.984800E-4	1.273880E+4	0.000000E+0	0.000000E+0
4.141523E+4	-5.985100E-4	1.273910E+4	0.000000E+0	0.000000E+0
4.147523E+4	-5.984400E-4	1.273980E+4	0.000000E+0	0.000000E+0
4.153523E+4	-5.984500E-4	1.274020E+4	0.000000E+0	0.000000E+0
4.159523E+4	-5.984900E-4	1.274050E+4	0.000000E+0	0.000000E+0
4.165523E+4	-5.985200E-4	1.274050E+4	0.000000E+0	0.000000E+0
4.171523E+4	-5.985700E-4	1.274060E+4	0.000000E+0	0.000000E+0
4.177523E+4	-5.985100E-4	1.274090E+4	0.000000E+0	0.000000E+0
4.183523E+4	-5.985000E-4	1.274100E+4	0.000000E+0	0.000000E+0
4.189523E+4	-5.984600E-4	1.274120E+4	0.000000E+0	0.000000E+0
4.195523E+4	-5.985000E-4	1.274140E+4	0.000000E+0	0.000000E+0
4.201523E+4	-5.985300E-4	1.274170E+4	0.000000E+0	0.000000E+0
4.207523E+4	-5.985100E-4	1.274220E+4	0.000000E+0	0.000000E+0
4.213523E+4	-5.985700E-4	1.274240E+4	0.000000E+0	0.000000E+0
4.219523E+4	-5.985100E-4	1.274250E+4	0.000000E+0	0.000000E+0
4.225520E+4	-5.985000E-4	1.274260E+4	0.000000E+0	0.000000E+0
4.231523E+4	-5.984600E-4	1.274280E+4	0.000000E+0	0.000000E+0
4.237523E+4	-5.984900E-4	1.274300E+4	0.000000E+0	0.000000E+0
4.243523E+4	-5.985200E-4	1.274300E+4	0.000000E+0	0.000000E+0
4.249523E+4	-5.985100E-4	1.274320E+4	0.000000E+0	0.000000E+0
4.255523E+4	-5.984600E-4	1.274360E+4	0.000000E+0	0.000000E+0
4.261523E+4	-5.985200E-4	1.274390E+4	0.000000E+0	0.000000E+0
4.267523E+4	-5.984700E-4	1.274420E+4	0.000000E+0	0.000000E+0
4.273523E+4	-5.984900E-4	1.274410E+4	0.000000E+0	0.000000E+0
4.279523E+4	-5.984900E-4	1.274390E+4	0.000000E+0	0.000000E+0
4.285523E+4	-5.985300E-4	1.274400E+4	0.000000E+0	0.000000E+0
4.291523E+4	-5.985100E-4	1.274360E+4	0.000000E+0	0.000000E+0
4.297523E+4	-5.984900E-4	1.274340E+4	0.000000E+0	0.000000E+0
4.303523E+4	-5.985000E-4	1.274340E+4	0.000000E+0	0.000000E+0
4.309523E+4	-5.985200E-4	1.274310E+4	0.000000E+0	0.000000E+0
4.315521E+4	-5.985700E-4	1.274270E+4	0.000000E+0	0.000000E+0
4.321523E+4	-5.985100E-4	1.274220E+4	0.000000E+0	0.000000E+0
4.327523E+4	-5.984700E-4	1.274150E+4	0.000000E+0	0.000000E+0
4.333523E+4	-5.985000E-4	1.274090E+4	0.000000E+0	0.000000E+0
4.339523E+4	-5.985000E-4	1.274050E+4	0.000000E+0	0.000000E+0
4.345523E+4	-5.984900E-4	1.274000E+4	0.000000E+0	0.000000E+0
4.351522E+4	-5.984800E-4	1.273960E+4	0.000000E+0	0.000000E+0
4.357523E+4	-5.985200E-4	1.273920E+4	0.000000E+0	0.000000E+0
4.363523E+4	-5.984800E-4	1.273880E+4	0.000000E+0	0.000000E+0
4.369523E+4	-5.985000E-4	1.273850E+4	0.000000E+0	0.000000E+0
4.375523E+4	-5.985200E-4	1.273790E+4	0.000000E+0	0.000000E+0
4.381523E+4	-5.984900E-4	1.273700E+4	0.000000E+0	0.000000E+0
4.387523E+4	-5.985000E-4	1.273670E+4	0.000000E+0	0.000000E+0
4.393523E+4	-5.984500E-4	1.273610E+4	0.000000E+0	0.000000E+0
4.399523E+4	-5.985000E-4	1.273590E+4	0.000000E+0	0.000000E+0
4.405523E+4	-5.985100E-4	1.273550E+4	0.000000E+0	0.000000E+0
4.411523E+4	-5.984600E-4	1.273490E+4	0.000000E+0	0.000000E+0
4.417523E+4	-5.985000E-4	1.273420E+4	0.000000E+0	0.000000E+0
4.423523E+4	-5.984600E-4	1.273360E+4	0.000000E+0	0.000000E+0
4.429523E+4	-5.984600E-4	1.273300E+4	0.000000E+0	0.000000E+0
4.435523E+4	-5.984900E-4	1.273270E+4	0.000000E+0	0.000000E+0
4.441523E+4	-5.984900E-4	1.273200E+4	0.000000E+0	0.000000E+0
4.447523E+4	-5.984900E-4	1.273160E+4	0.000000E+0	0.000000E+0
4.453523E+4	-5.984600E-4	1.273110E+4	0.000000E+0	0.000000E+0
4.459523E+4	-5.985100E-4	1.273080E+4	0.000000E+0	0.000000E+0
4.465523E+4	-5.984900E-4	1.272990E+4	0.000000E+0	0.000000E+0
4.471521E+4	-5.984500E-4	1.272930E+4	0.000000E+0	0.000000E+0
4.477523E+4	-5.984300E-4	1.272870E+4	0.000000E+0	0.000000E+0
4.483523E+4	-5.985000E-4	1.272810E+4	0.000000E+0	0.000000E+0
4.489523E+4	-5.984600E-4	1.272780E+4	0.000000E+0	0.000000E+0
4.495523E+4	-5.984400E-4	1.272700E+4	0.000000E+0	0.000000E+0
4.501523E+4	-5.984600E-4	1.272650E+4	0.000000E+0	0.000000E+0
4.507523E+4	-5.984600E-4	1.272580E+4	0.000000E+0	0.000000E+0
4.513523E+4	-5.984700E-4	1.272510E+4	0.000000E+0	0.000000E+0
4.519521E+4	-5.984300E-4	1.272490E+4	0.000000E+0	0.000000E+0
4.525523E+4	-5.984500E-4	1.272470E+4	0.000000E+0	0.000000E+0
4.531523E+4	-5.984500E-4	1.272420E+4	0.000000E+0	0.000000E+0
4.537523E+4	-5.984600E-4	1.272390E+4	0.000000E+0	0.000000E+0
4.543523E+4	-5.984900E-4	1.272370E+4	0.000000E+0	0.000000E+0
4.549523E+4	-5.985300E-4	1.272290E+4	0.000000E+0	0.000000E+0
4.555523E+4	-5.984900E-4	1.272260E+4	0.000000E+0	0.000000E+0
4.561523E+4	-5.984700E-4	1.272230E+4	0.000000E+0	0.000000E+0
4.567523E+4	-5.984600E-4	1.272210E+4	0.000000E+0	0.000000E+0
4.573523E+4	-5.984800E-4	1.272150E+4	0.000000E+0	0.000000E+0
4.579521E+4	-5.984600E-4	1.272090E+4	0.000000E+0	0.000000E+0
4.585523E+4	-5.984600E-4	1.272060E+4	0.000000E+0	0.000000E+0
4.591523E+4	-5.984100E-4	1.272040E+4	0.000000E+0	0.000000E+0
4.597523E+4	-5.984700E-4	1.272000E+4	0.000000E+0	0.000000E+0
4.603523E+4	-5.984800E-4	1.271950E+4	0.000000E+0	0.000000E+0
4.609523E+4	-5.984400E-4	1.271860E+4	0.000000E+0	0.000000E+0
4.615523E+4	-5.983900E-4	1.271820E+4	0.000000E+0	0.000000E+0
4.621523E+4	-5.984600E-4	1.271780E+4	0.000000E+0	0.000000E+0
4.627523E+4	-5.984600E-4	1.271730E+4	0.000000E+0	0.000000E+0
4.633523E+4	-5.984200E-4	1.271680E+4	0.000000E+0	0.000000E+0
4.639523E+4	-5.984500E-4	1.271630E+4	0.000000E+0	0.000000E+0
4.645523E+4	-5.985000E-4	1.271580E+4	0.000000E+0	0.000000E+0
4.651523E+4	-5.984500E-4	1.271570E+4	0.000000E+0	0.000000E+0
4.657523E+4	-5.984100E-4	1.271550E+4	0.000000E+0	0.000000E+0
4.663523E+4	-5.984100E-4	1.271500E+4	0.000000E+0	0.000000E+0
4.669524E+4	-5.983600E-4	1.271430E+4	0.000000E+0	0.000000E+0
4.675523E+4	-5.984100E-4	1.271380E+4	0.000000E+0	0.000000E+0
4.681523E+4	-5.984500E-4	1.271350E+4	0.000000E+0	0.000000E+0
4.687523E+4	-5.984600E-4	1.271300E+4	0.000000E+0	0.000000E+0
4.693523E+4	-5.984300E-4	1.271280E+4	0.000000E+0	0.000000E+0
4.699523E+4	-5.984500E-4	1.271210E+4	0.000000E+0	0.000000E+0
4.705523E+4	-5.984900E-4	1.271170E+4	0.000000E+0	0.000000E+0
4.711523E+4	-5.984900E-4	1.271160E+4	0.000000E+0	0.000000E+0
4.717523E+4	-5.984300E-4	1.271120E+4	0.000000E+0	0.000000E+0
4.723523E+4	-5.984400E-4	1.271100E+4	0.000000E+0	0.000000E+0
4.729523E+4	-5.984000E-4	1.271030E+4	0.000000E+0	0.000000E+0
4.735523E+4	-5.984100E-4	1.270990E+4	0.000000E+0	0.000000E+0
4.741523E+4	-5.984400E-4	1.270920E+4	0.000000E+0	0.000000E+0
4.747521E+4	-5.985000E-4	1.270870E+4	0.000000E+0	0.000000E+0
4.753523E+4	-5.984000E-4	1.270830E+4	0.000000E+0	0.000000E+0
4.759523E+4	-5.984600E-4	1.270800E+4	0.000000E+0	0.000000E+0
4.765521E+4	-5.984600E-4	1.270760E+4	0.000000E+0	0.000000E+0
4.771523E+4	-5.984000E-4	1.270730E+4	0.000000E+0	0.000000E+0
4.777523E+4	-5.985000E-4	1.270670E+4	0.000000E+0	0.000000E+0
4.783523E+4	-5.984600E-4	1.270600E+4	0.000000E+0	0.000000E+0
4.789520E+4	-5.984700E-4	1.270570E+4	0.000000E+0	0.000000E+0
4.795523E+4	-5.984400E-4	1.270510E+4	0.000000E+0	0.000000E+0
4.801523E+4	-5.984100E-4	1.270460E+4	0.000000E+0	0.000000E+0
4.807523E+4	-5.984700E-4	1.270430E+4	0.000000E+0	0.000000E+0
4.813523E+4	-5.983600E-4	1.270380E+4	0.000000E+0	0.000000E+0
4.819523E+4	-5.984300E-4	1.270320E+4	0.000000E+0	0.000000E+0
4.825523E+4	-5.984600E-4	1.270260E+4	0.000000E+0	0.000000E+0
4.831523E+4	-5.984300E-4	1.270200E+4	0.000000E+0	0.000000E+0
4.837523E+4	-5.983800E-4	1.270160E+4	0.000000E+0	0.000000E+0
4.843522E+4	-5.984300E-4	1.270100E+4	0.000000E+0	0.000000E+0
4.849523E+4	-5.984300E-4	1.270050E+4	0.000000E+0	0.000000E+0
4.855523E+4	-5.984400E-4	1.270020E+4	0.000000E+0	0.000000E+0
4.861523E+4	-5.984200E-4	1.269970E+4	0.000000E+0	0.000000E+0
4.867523E+4	-5.984300E-4	1.269920E+4	0.000000E+0	0.000000E+0
4.873523E+4	-5.984100E-4	1.269840E+4	0.000000E+0	0.000000E+0
4.879523E+4	-5.984500E-4	1.269790E+4	0.000000E+0	0.000000E+0
4.885523E+4	-5.983800E-4	1.269730E+4	0.000000E+0	0.000000E+0
4.891523E+4	-5.983400E-4	1.269650E+4	0.000000E+0	0.000000E+0
4.897522E+4	-5.983700E-4	1.269590E+4	0.000000E+0	0.000000E+0
4.903523E+4	-5.984100E-4	1.269540E+4	0.000000E+0	0.000000E+0
4.909523E+4	-5.984400E-4	1.269480E+4	0.000000E+0	0.000000E+0
4.915523E+4	-5.983800E-4	1.269440E+4	0.000000E+0	0.000000E+0
4.921523E+4	-5.984300E-4	1.269380E+4	0.000000E+0	0.000000E+0
4.927523E+4	-5.984000E-4	1.269320E+4	0.000000E+0	0.000000E+0
4.933521E+4	-5.983300E-4	1.269290E+4	0.000000E+0	0.000000E+0
4.939523E+4	-5.983200E-4	1.269250E+4	0.000000E+0	0.000000E+0
4.945521E+4	-5.983700E-4	1.269200E+4	0.000000E+0	0.000000E+0
4.951523E+4	-5.983800E-4	1.269150E+4	0.000000E+0	0.000000E+0
4.957523E+4	-5.983900E-4	1.269080E+4	0.000000E+0	0.000000E+0
4.963523E+4	-5.983900E-4	1.269040E+4	0.000000E+0	0.000000E+0
4.969523E+4	-5.983900E-4	1.268970E+4	0.000000E+0	0.000000E+0
4.975523E+4	-5.984500E-4	1.268910E+4	0.000000E+0	0.000000E+0
4.981523E+4	-5.984400E-4	1.268840E+4	0.000000E+0	0.000000E+0
4.987523E+4	-5.984200E-4	1.268760E+4	0.000000E+0	0.000000E+0
4.993523E+4	-5.983800E-4	1.268690E+4	0.000000E+0	0.000000E+0
4.999523E+4	-5.983600E-4	1.268630E+4	0.000000E+0	0.000000E+0
5.005523E+4	-5.984700E-4	1.268570E+4	0.000000E+0	0.000000E+0
5.011523E+4	-5.984000E-4	1.268500E+4	0.000000E+0	0.000000E+0
5.017523E+4	-5.984100E-4	1.268440E+4	0.000000E+0	0.000000E+0
5.023523E+4	-5.984000E-4	1.268380E+4	0.000000E+0	0.000000E+0
5.029523E+4	-5.983600E-4	1.268330E+4	0.000000E+0	0.000000E+0
5.035523E+4	-5.983900E-4	1.268260E+4	0.000000E+0	0.000000E+0
5.041523E+4	-5.984000E-4	1.268200E+4	0.000000E+0	0.000000E+0
5.047523E+4	-5.983700E-4	1.268130E+4	0.000000E+0	0.000000E+0
5.053521E+4	-5.983600E-4	1.268080E+4	0.000000E+0	0.000000E+0
5.059523E+4	-5.984300E-4	1.267990E+4	0.000000E+0	0.000000E+0
5.065523E+4	-5.984100E-4	1.267920E+4	0.000000E+0	0.000000E+0
5.071523E+4	-5.983900E-4	1.267850E+4	0.000000E+0	0.000000E+0
5.077523E+4	-5.983800E-4	1.267800E+4	0.000000E+0	0.000000E+0
5.083523E+4	-5.983800E-4	1.267750E+4	0.000000E+0	0.000000E+0
5.089523E+4	-5.983700E-4	1.267710E+4	0.000000E+0	0.000000E+0
5.095523E+4	-5.983700E-4	1.267630E+4	0.000000E+0	0.000000E+0
5.101523E+4	-5.983700E-4	1.267560E+4	0.000000E+0	0.000000E+0
5.107523E+4	-5.983500E-4	1.267510E+4	0.000000E+0	0.000000E+0
5.113523E+4	-5.983400E-4	1.267450E+4	0.000000E+0	0.000000E+0
5.119523E+4	-5.983600E-4	1.267420E+4	0.000000E+0	0.000000E+0
5.125523E+4	-5.983500E-4	1.267340E+4	0.000000E+0	0.000000E+0
5.131523E+4	-5.983800E-4	1.267270E+4	0.000000E+0	0.000000E+0
5.137523E+4	-5.983600E-4	1.267210E+4	0.000000E+0	0.000000E+0
5.143523E+4	-5.983400E-4	1.267150E+4	0.000000E+0	0.000000E+0
5.149520E+4	-5.983900E-4	1.267090E+4	0.000000E+0	0.000000E+0
5.155523E+4	-5.983400E-4	1.267020E+4	0.000000E+0	0.000000E+0
5.161523E+4	-5.983800E-4	1.266960E+4	0.000000E+0	0.000000E+0
5.167521E+4	-5.983800E-4	1.266890E+4	0.000000E+0	0.000000E+0
5.173523E+4	-5.983500E-4	1.266820E+4	0.000000E+0	0.000000E+0
5.179521E+4	-5.983500E-4	1.266750E+4	0.000000E+0	0.000000E+0
5.185522E+4	-5.982900E-4	1.266680E+4	0.000000E+0	0.000000E+0
5.191523E+4	-5.983100E-4	1.266590E+4	0.000000E+0	0.000000E+0
5.197523E+4	-5.982900E-4	1.266520E+4	0.000000E+0	0.000000E+0
5.203523E+4	-5.982500E-4	1.266450E+4	0.000000E+0	0.000000E+0
5.209521E+4	-5.982800E-4	1.266390E+4	0.000000E+0	0.000000E+0
5.215523E+4	-5.983100E-4	1.266340E+4	0.000000E+0	0.000000E+0
5.221522E+4	-5.983400E-4	1.266280E+4	0.000000E+0	0.000000E+0
5.227523E+4	-5.983500E-4	1.266220E+4	0.000000E+0	0.000000E+0
5.233523E+4	-5.983200E-4	1.266170E+4	0.000000E+0	0.000000E+0
5.239521E+4	-5.983300E-4	1.266130E+4	0.000000E+0	0.000000E+0
5.245523E+4	-5.983700E-4	1.266070E+4	0.000000E+0	0.000000E+0
5.251520E+4	-5.982800E-4	1.266040E+4	0.000000E+0	0.000000E+0
5.257523E+4	-5.982900E-4	1.265990E+4	0.000000E+0	0.000000E+0
5.263520E+4	-5.982900E-4	1.265930E+4	0.000000E+0	0.000000E+0
5.269522E+4	-5.983400E-4	1.265910E+4	0.000000E+0	0.000000E+0
5.275523E+4	-5.983700E-4	1.265860E+4	0.000000E+0	0.000000E+0
5.281523E+4	-5.983800E-4	1.265830E+4	0.000000E+0	0.000000E+0
5.287523E+4	-5.983500E-4	1.265790E+4	0.000000E+0	0.000000E+0
5.293523E+4	-5.983900E-4	1.265740E+4	0.000000E+0	0.000000E+0
5.299522E+4	-5.983600E-4	1.265700E+4	0.000000E+0	0.000000E+0
5.305523E+4	-5.983000E-4	1.265650E+4	0.000000E+0	0.000000E+0
5.311523E+4	-5.982700E-4	1.265620E+4	0.000000E+0	0.000000E+0
5.317523E+4	-5.983000E-4	1.265590E+4	0.000000E+0	0.000000E+0
5.323523E+4	-5.983100E-4	1.265530E+4	0.000000E+0	0.000000E+0
5.329523E+4	-5.982800E-4	1.265520E+4	0.000000E+0	0.000000E+0
5.335523E+4	-5.982500E-4	1.265490E+4	0.000000E+0	0.000000E+0
5.341523E+4	-5.983000E-4	1.265450E+4	0.000000E+0	0.000000E+0
5.347523E+4	-5.982700E-4	1.265390E+4	0.000000E+0	0.000000E+0
5.353523E+4	-5.983300E-4	1.265390E+4	0.000000E+0	0.000000E+0
5.359523E+4	-5.983300E-4	1.265320E+4	0.000000E+0	0.000000E+0
5.365523E+4	-5.983400E-4	1.265290E+4	0.000000E+0	0.000000E+0
5.371523E+4	-5.983200E-4	1.265220E+4	0.000000E+0	0.000000E+0
5.377523E+4	-5.983500E-4	1.265180E+4	0.000000E+0	0.000000E+0
5.383523E+4	-5.983100E-4	1.265130E+4	0.000000E+0	0.000000E+0
5.389523E+4	-5.984000E-4	1.265060E+4	0.000000E+0	0.000000E+0
5.395523E+4	-5.983000E-4	1.265010E+4	0.000000E+0	0.000000E+0
5.401523E+4	-5.983800E-4	1.264930E+4	0.000000E+0	0.000000E+0
5.407523E+4	-5.983500E-4	1.264870E+4	0.000000E+0	0.000000E+0
5.413523E+4	-5.983000E-4	1.264800E+4	0.000000E+0	0.000000E+0
5.419522E+4	-5.982900E-4	1.264720E+4	0.000000E+0	0.000000E+0
5.425523E+4	-5.982900E-4	1.264650E+4	0.000000E+0	0.000000E+0
5.431523E+4	-5.983300E-4	1.264580E+4	0.000000E+0	0.000000E+0
5.437523E+4	-5.983200E-4	1.264520E+4	0.000000E+0	0.000000E+0
5.443523E+4	-5.983400E-4	1.264460E+4	0.000000E+0	0.000000E+0
5.449523E+4	-5.983200E-4	1.264380E+4	0.000000E+0	0.000000E+0
5.455523E+4	-5.983500E-4	1.264330E+4	0.000000E+0	0.000000E+0
5.461523E+4	-5.982500E-4	1.264270E+4	0.000000E+0	0.000000E+0
5.467523E+4	-5.983000E-4	1.264210E+4	0.000000E+0	0.000000E+0
5.473523E+4	-5.982200E-4	1.264150E+4	0.000000E+0	0.000000E+0
5.479523E+4	-5.982500E-4	1.264100E+4	0.000000E+0	0.000000E+0
5.485523E+4	-5.983200E-4	1.264030E+4	0.000000E+0	0.000000E+0
5.491523E+4	-5.982500E-4	1.263980E+4	0.000000E+0	0.000000E+0
5.497523E+4	-5.982500E-4	1.263930E+4	0.000000E+0	0.000000E+0
5.503523E+4	-5.983400E-4	1.263880E+4	0.000000E+0	0.000000E+0
5.509523E+4	-5.983200E-4	1.263820E+4	0.000000E+0	0.000000E+0
5.515523E+4	-5.983200E-4	1.263770E+4	0.000000E+0	0.000000E+0
5.521523E+4	-5.983400E-4	1.263730E+4	0.000000E+0	0.000000E+0
5.527521E+4	-5.983000E-4	1.263700E+4	0.000000E+0	0.000000E+0
5.533522E+4	-5.982500E-4	1.263660E+4	0.000000E+0	0.000000E+0
5.539523E+4	-5.982600E-4	1.263610E+4	0.000000E+0	0.000000E+0
5.545523E+4	-5.982400E-4	1.263550E+4	0.000000E+0	0.000000E+0
5.551523E+4	-5.982800E-4	1.263510E+4	0.000000E+0	0.000000E+0
5.557523E+4	-5.982300E-4	1.263450E+4	0.000000E+0	0.000000E+0
5.563523E+4	-5.982900E-4	1.263420E+4	0.000000E+0	0.000000E+0
5.569523E+4	-5.983000E-4	1.263340E+4	0.000000E+0	0.000000E+0
5.575520E+4	-5.983000E-4	1.263310E+4	0.000000E+0	0.000000E+0
5.581523E+4	-5.982700E-4	1.263260E+4	0.000000E+0	0.000000E+0
5.587523E+4	-5.982600E-4	1.263200E+4	0.000000E+0	0.000000E+0
5.593523E+4	-5.983000E-4	1.263150E+4	0.000000E+0	0.000000E+0
5.599523E+4	-5.982100E-4	1.263080E+4	0.000000E+0	0.000000E+0
5.605523E+4	-5.982700E-4	1.263030E+4	0.000000E+0	0.000000E+0
5.611523E+4	-5.983000E-4	1.262960E+4	0.000000E+0	0.000000E+0
5.617523E+4	-5.982200E-4	1.262900E+4	0.000000E+0	0.000000E+0
5.623523E+4	-5.982400E-4	1.262830E+4	0.000000E+0	0.000000E+0
5.629523E+4	-5.982400E-4	1.262760E+4	0.000000E+0	0.000000E+0
5.635523E+4	-5.982700E-4	1.262660E+4	0.000000E+0	0.000000E+0
5.641523E+4	-5.982400E-4	1.262600E+4	0.000000E+0	0.000000E+0
5.647523E+4	-5.982300E-4	1.262510E+4	0.000000E+0	0.000000E+0
5.653523E+4	-5.982000E-4	1.262440E+4	0.000000E+0	0.000000E+0
5.659523E+4	-5.982500E-4	1.262370E+4	0.000000E+0	0.000000E+0
5.665523E+4	-5.982500E-4	1.262290E+4	0.000000E+0	0.000000E+0
5.671523E+4	-5.983300E-4	1.262200E+4	0.000000E+0	0.000000E+0
5.677521E+4	-5.982500E-4	1.262110E+4	0.000000E+0	0.000000E+0
5.683523E+4	-5.982600E-4	1.262030E+4	0.000000E+0	0.000000E+0
5.689523E+4	-5.982600E-4	1.261970E+4	0.000000E+0	0.000000E+0
5.695523E+4	-5.982300E-4	1.261880E+4	0.000000E+0	0.000000E+0
5.701523E+4	-5.982400E-4	1.261790E+4	0.000000E+0	0.000000E+0
5.707523E+4	-5.982600E-4	1.261700E+4	0.000000E+0	0.000000E+0
5.713523E+4	-5.983200E-4	1.261590E+4	0.000000E+0	0.000000E+0
5.719523E+4	-5.982100E-4	1.261480E+4	0.000000E+0	0.000000E+0
5.725523E+4	-5.982500E-4	1.261340E+4	0.000000E+0	0.000000E+0
5.731523E+4	-5.982100E-4	1.261220E+4	0.000000E+0	0.000000E+0
5.737523E+4	-5.982700E-4	1.261110E+4	0.000000E+0	0.000000E+0
5.743523E+4	-5.982600E-4	1.260990E+4	0.000000E+0	0.000000E+0
5.749523E+4	-5.982700E-4	1.260870E+4	0.000000E+0	0.000000E+0
5.755523E+4	-5.982700E-4	1.260760E+4	0.000000E+0	0.000000E+0
5.761523E+4	-5.982000E-4	1.260630E+4	0.000000E+0	0.000000E+0
5.767523E+4	-5.981600E-4	1.260540E+4	0.000000E+0	0.000000E+0
5.773523E+4	-5.982400E-4	1.260430E+4	0.000000E+0	0.000000E+0
5.779521E+4	-5.981800E-4	1.260320E+4	0.000000E+0	0.000000E+0
5.785523E+4	-5.982100E-4	1.260200E+4	0.000000E+0	0.000000E+0
5.791523E+4	-5.982100E-4	1.260100E+4	0.000000E+0	0.000000E+0
5.797523E+4	-5.982500E-4	1.260000E+4	0.000000E+0	0.000000E+0
5.803523E+4	-5.982300E-4	1.259890E+4	0.000000E+0	0.000000E+0
5.809523E+4	-5.981600E-4	1.259800E+4	0.000000E+0	0.000000E+0
5.815523E+4	-5.981900E-4	1.259690E+4	0.000000E+0	0.000000E+0
5.821523E+4	-5.981700E-4	1.259610E+4	0.000000E+0	0.000000E+0
5.827523E+4	-5.981500E-4	1.259500E+4	0.000000E+0	0.000000E+0
5.833521E+4	-5.981600E-4	1.259430E+4	0.000000E+0	0.000000E+0
5.839523E+4	-5.981900E-4	1.259340E+4	0.000000E+0	0.000000E+0
5.845523E+4	-5.981900E-4	1.259260E+4	0.000000E+0	0.000000E+0
5.851523E+4	-5.981900E-4	1.259180E+4	0.000000E+0	0.000000E+0
5.857523E+4	-5.981300E-4	1.259100E+4	0.000000E+0	0.000000E+0
5.863523E+4	-5.981700E-4	1.259020E+4	0.000000E+0	0.000000E+0
5.869523E+4	-5.981500E-4	1.258940E+4	0.000000E+0	0.000000E+0
5.875523E+4	-5.981800E-4	1.258840E+4	0.000000E+0	0.000000E+0
5.881523E+4	-5.981900E-4	1.258770E+4	0.000000E+0	0.000000E+0
5.887523E+4	-5.981500E-4	1.258680E+4	0.000000E+0	0.000000E+0
5.893523E+4	-5.981700E-4	1.258610E+4	0.000000E+0	0.000000E+0
5.899524E+4	-5.981100E-4	1.258530E+4	0.000000E+0	0.000000E+0
5.905523E+4	-5.980800E-4	1.258450E+4	0.000000E+0	0.000000E+0
5.911523E+4	-5.980600E-4	1.258370E+4	0.000000E+0	0.000000E+0
5.917523E+4	-5.980900E-4	1.258300E+4	0.000000E+0	0.000000E+0
5.923523E+4	-5.981600E-4	1.258230E+4	0.000000E+0	0.000000E+0
5.929523E+4	-5.981900E-4	1.258150E+4	0.000000E+0	0.000000E+0
5.935523E+4	-5.981400E-4	1.258090E+4	0.000000E+0	0.000000E+0
5.941523E+4	-5.981700E-4	1.258030E+4	0.000000E+0	0.000000E+0
5.947523E+4	-5.981800E-4	1.257930E+4	0.000000E+0	0.000000E+0
5.953522E+4	-5.981300E-4	1.257860E+4	0.000000E+0	0.000000E+0
5.959523E+4	-5.981700E-4	1.257780E+4	0.000000E+0	0.000000E+0
5.965523E+4	-5.981400E-4	1.257710E+4	0.000000E+0	0.000000E+0
5.971523E+4	-5.981200E-4	1.257630E+4	0.000000E+0	0.000000E+0
5.977523E+4	-5.981200E-4	1.257570E+4	0.000000E+0	0.000000E+0
5.983523E+4	-5.981200E-4	1.257480E+4	0.000000E+0	0.000000E+0
5.989523E+4	-5.981100E-4	1.257390E+4	0.000000E+0	0.000000E+0
5.995523E+4	-5.981100E-4	1.257330E+4	0.000000E+0	0.000000E+0
6.001523E+4	-5.981300E-4	1.257260E+4	0.000000E+0	0.000000E+0
6.007523E+4	-5.981400E-4	1.257200E+4	0.000000E+0	0.000000E+0
6.013523E+4	-5.981200E-4	1.257130E+4	0.000000E+0	0.000000E+0
6.019521E+4	-5.980900E-4	1.257050E+4	0.000000E+0	0.000000E+0
6.025523E+4	-5.981200E-4	1.257010E+4	0.000000E+0	0.000000E+0
6.031523E+4	-5.980500E-4	1.256940E+4	0.000000E+0	0.000000E+0
6.037521E+4	-5.981000E-4	1.256850E+4	0.000000E+0	0.000000E+0
6.043522E+4	-5.980800E-4	1.256770E+4	0.000000E+0	0.000000E+0
6.049523E+4	-5.981100E-4	1.256680E+4	0.000000E+0	0.000000E+0
6.055522E+4	-5.981300E-4	1.256600E+4	0.000000E+0	0.000000E+0
6.061523E+4	-5.981800E-4	1.256510E+4	0.000000E+0	0.000000E+0
6.067523E+4	-5.981600E-4	1.256440E+4	0.000000E+0	0.000000E+0
6.073523E+4	-5.980700E-4	1.256330E+4	0.000000E+0	0.000000E+0
6.079523E+4	-5.981000E-4	1.256250E+4	0.000000E+0	0.000000E+0
6.085523E+4	-5.981700E-4	1.256170E+4	0.000000E+0	0.000000E+0
6.091522E+4	-5.981400E-4	1.256100E+4	0.000000E+0	0.000000E+0
6.097523E+4	-5.981100E-4	1.256030E+4	0.000000E+0	0.000000E+0
6.103523E+4	-5.981200E-4	1.255960E+4	0.000000E+0	0.000000E+0
6.109521E+4	-5.980900E-4	1.255890E+4	0.000000E+0	0.000000E+0
6.115523E+4	-5.980500E-4	1.255840E+4	0.000000E+0	0.000000E+0
6.121523E+4	-5.980500E-4	1.255780E+4	0.000000E+0	0.000000E+0
6.127523E+4	-5.980900E-4	1.255720E+4	0.000000E+0	0.000000E+0
6.133523E+4	-5.981400E-4	1.255660E+4	0.000000E+0	0.000000E+0
6.139522E+4	-5.980700E-4	1.255620E+4	0.000000E+0	0.000000E+0
6.145523E+4	-5.980700E-4	1.255560E+4	0.000000E+0	0.000000E+0
6.151523E+4	-5.981200E-4	1.255500E+4	0.000000E+0	0.000000E+0
6.157523E+4	-5.980600E-4	1.255450E+4	0.000000E+0	0.000000E+0
6.163523E+4	-5.980300E-4	1.255370E+4	0.000000E+0	0.000000E+0
6.169523E+4	-5.980000E-4	1.255300E+4	0.000000E+0	0.000000E+0
6.175523E+4	-5.981100E-4	1.255220E+4	0.000000E+0	0.000000E+0
6.181522E+4	-5.980800E-4	1.255160E+4	0.000000E+0	0.000000E+0
6.187523E+4	-5.980300E-4	1.255080E+4	0.000000E+0	0.000000E+0
6.193520E+4	-5.980300E-4	1.254980E+4	0.000000E+0	0.000000E+0
6.199523E+4	-5.980400E-4	1.254890E+4	0.000000E+0	0.000000E+0
6.205523E+4	-5.980500E-4	1.254790E+4	0.000000E+0	0.000000E+0
6.211523E+4	-5.980700E-4	1.254710E+4	0.000000E+0	0.000000E+0
6.217523E+4	-5.980700E-4	1.254630E+4	0.000000E+0	0.000000E+0
6.223521E+4	-5.980600E-4	1.254530E+4	0.000000E+0	0.000000E+0
6.229523E+4	-5.980600E-4	1.254450E+4	0.000000E+0	0.000000E+0
6.235523E+4	-5.980200E-4	1.254340E+4	0.000000E+0	0.000000E+0
6.241522E+4	-5.980200E-4	1.254240E+4	0.000000E+0	0.000000E+0
6.247523E+4	-5.980300E-4	1.254120E+4	0.000000E+0	0.000000E+0
6.253523E+4	-5.980000E-4	1.254020E+4	0.000000E+0	0.000000E+0
6.259523E+4	-5.980200E-4	1.253870E+4	0.000000E+0	0.000000E+0
6.265523E+4	-5.980300E-4	1.253730E+4	0.000000E+0	0.000000E+0
6.271523E+4	-5.979800E-4	1.253580E+4	0.000000E+0	0.000000E+0
6.277523E+4	-5.979800E-4	1.253430E+4	0.000000E+0	0.000000E+0
6.283523E+4	-5.980300E-4	1.253290E+4	0.000000E+0	0.000000E+0
6.289523E+4	-5.979900E-4	1.253140E+4	0.000000E+0	0.000000E+0
6.295520E+4	-5.980300E-4	1.253000E+4	0.000000E+0	0.000000E+0
6.301523E+4	-5.980100E-4	1.252840E+4	0.000000E+0	0.000000E+0
6.307523E+4	-5.980300E-4	1.252700E+4	0.000000E+0	0.000000E+0
6.313523E+4	-5.980300E-4	1.252550E+4	0.000000E+0	0.000000E+0
6.319523E+4	-5.979700E-4	1.252350E+4	0.000000E+0	0.000000E+0
6.325523E+4	-5.980000E-4	1.252200E+4	0.000000E+0	0.000000E+0
6.331523E+4	-5.980100E-4	1.252030E+4	0.000000E+0	0.000000E+0
6.337523E+4	-5.980700E-4	1.251890E+4	0.000000E+0	0.000000E+0
6.343523E+4	-5.979900E-4	1.251730E+4	0.000000E+0	0.000000E+0
6.349523E+4	-5.979800E-4	1.251560E+4	0.000000E+0	0.000000E+0
6.355523E+4	-5.980000E-4	1.251410E+4	0.000000E+0	0.000000E+0
6.361523E+4	-5.979900E-4	1.251230E+4	0.000000E+0	0.000000E+0
6.367520E+4	-5.979500E-4	1.251080E+4	0.000000E+0	0.000000E+0
6.373523E+4	-5.979900E-4	1.250940E+4	0.000000E+0	0.000000E+0
6.379520E+4	-5.979300E-4	1.250790E+4	0.000000E+0	0.000000E+0
6.385522E+4	-5.979600E-4	1.250640E+4	0.000000E+0	0.000000E+0
6.391523E+4	-5.979800E-4	1.250480E+4	0.000000E+0	0.000000E+0
6.397523E+4	-5.979800E-4	1.250330E+4	0.000000E+0	0.000000E+0
6.403523E+4	-5.979600E-4	1.250190E+4	0.000000E+0	0.000000E+0
6.409523E+4	-5.979600E-4	1.250050E+4	0.000000E+0	0.000000E+0
6.415523E+4	-5.979700E-4	1.249930E+4	0.000000E+0	0.000000E+0
6.421523E+4	-5.979200E-4	1.249780E+4	0.000000E+0	0.000000E+0
6.427523E+4	-5.979100E-4	1.249650E+4	0.000000E+0	0.000000E+0
6.433523E+4	-5.978700E-4	1.249510E+4	0.000000E+0	0.000000E+0
6.439523E+4	-5.978700E-4	1.249380E+4	0.000000E+0	0.000000E+0
6.445523E+4	-5.979200E-4	1.249250E+4	0.000000E+0	0.000000E+0
6.451523E+4	-5.979600E-4	1.249120E+4	0.000000E+0	0.000000E+0
6.457523E+4	-5.979100E-4	1.249010E+4	0.000000E+0	0.000000E+0
6.463523E+4	-5.979100E-4	1.248870E+4	0.000000E+0	0.000000E+0
6.469523E+4	-5.979000E-4	1.248740E+4	0.000000E+0	0.000000E+0
6.475523E+4	-5.978700E-4	1.248610E+4	0.000000E+0	0.000000E+0
6.481523E+4	-5.979400E-4	1.248490E+4	0.000000E+0	0.000000E+0
6.487524E+4	-5.979900E-4	1.248380E+4	0.000000E+0	0.000000E+0
6.493524E+4	-5.979500E-4	1.248250E+4	0.000000E+0	0.000000E+0
6.499523E+4	-5.979500E-4	1.248140E+4	0.000000E+0	0.000000E+0
6.505524E+4	-5.979300E-4	1.248040E+4	0.000000E+0	0.000000E+0
6.511524E+4	-5.979300E-4	1.247930E+4	0.000000E+0	0.000000E+0
6.517523E+4	-5.979300E-4	1.247830E+4	0.000000E+0	0.000000E+0
6.523523E+4	-5.978900E-4	1.247730E+4	0.000000E+0	0.000000E+0
6.529523E+4	-5.979500E-4	1.247620E+4	0.000000E+0	0.000000E+0
6.535523E+4	-5.979500E-4	1.247510E+4	0.000000E+0	0.000000E+0
6.541523E+4	-5.978800E-4	1.247420E+4	0.000000E+0	0.000000E+0
6.547523E+4	-5.979300E-4	1.247310E+4	0.000000E+0	0.000000E+0
6.553523E+4	-5.979600E-4	1.247230E+4	0.000000E+0	0.000000E+0
6.559523E+4	-5.978800E-4	1.247160E+4	0.000000E+0	0.000000E+0
6.565523E+4	-5.978400E-4	1.247060E+4	0.000000E+0	0.000000E+0
6.571524E+4	-5.978000E-4	1.246980E+4	0.000000E+0	0.000000E+0
6.577524E+4	-5.978500E-4	1.246910E+4	0.000000E+0	0.000000E+0
6.583523E+4	-5.977900E-4	1.246810E+4	0.000000E+0	0.000000E+0
6.589524E+4	-5.978500E-4	1.246730E+4	0.000000E+0	0.000000E+0
6.595523E+4	-5.979100E-4	1.246640E+4	0.000000E+0	0.000000E+0
6.601523E+4	-5.978700E-4	1.246560E+4	0.000000E+0	0.000000E+0
6.607523E+4	-5.978300E-4	1.246460E+4	0.000000E+0	0.000000E+0
6.613523E+4	-5.977600E-4	1.246380E+4	0.000000E+0	0.000000E+0
6.619523E+4	-5.977900E-4	1.246260E+4	0.000000E+0	0.000000E+0
6.625523E+4	-5.978300E-4	1.246160E+4	0.000000E+0	0.000000E+0
6.631523E+4	-5.978700E-4	1.246070E+4	0.000000E+0	0.000000E+0
6.637523E+4	-5.979000E-4	1.245980E+4	0.000000E+0	0.000000E+0
6.643523E+4	-5.978500E-4	1.245870E+4	0.000000E+0	0.000000E+0
6.649523E+4	-5.978300E-4	1.245760E+4	0.000000E+0	0.000000E+0
6.655523E+4	-5.977800E-4	1.245660E+4	0.000000E+0	0.000000E+0
6.661523E+4	-5.978000E-4	1.245560E+4	0.000000E+0	0.000000E+0
6.667523E+4	-5.978300E-4	1.245470E+4	0.000000E+0	0.000000E+0
6.673523E+4	-5.978200E-4	1.245380E+4	0.000000E+0	0.000000E+0
6.679523E+4	-5.978000E-4	1.245280E+4	0.000000E+0	0.000000E+0
6.685523E+4	-5.977900E-4	1.245200E+4	0.000000E+0	0.000000E+0
6.691524E+4	-5.977400E-4	1.245120E+4	0.000000E+0	0.000000E+0
6.697523E+4	-5.977600E-4	1.245040E+4	0.000000E+0	0.000000E+0
6.703524E+4	-5.977800E-4	1.244920E+4	0.000000E+0	0.000000E+0
6.709523E+4	-5.977200E-4	1.244830E+4	0.000000E+0	0.000000E+0
6.715523E+4	-5.977100E-4	1.244710E+4	0.000000E+0	0.000000E+0
6.721523E+4	-5.978100E-4	1.244620E+4	0.000000E+0	0.000000E+0
6.727523E+4	-5.977200E-4	1.244530E+4	0.000000E+0	0.000000E+0
6.733523E+4	-5.977900E-4	1.244430E+4	0.000000E+0	0.000000E+0
6.739523E+4	-5.977500E-4	1.244330E+4	0.000000E+0	0.000000E+0
6.745523E+4	-5.977400E-4	1.244220E+4	0.000000E+0	0.000000E+0
6.751523E+4	-5.977400E-4	1.244110E+4	0.000000E+0	0.000000E+0
6.757523E+4	-5.977200E-4	1.244020E+4	0.000000E+0	0.000000E+0
6.763523E+4	-5.977700E-4	1.243890E+4	0.000000E+0	0.000000E+0
6.769523E+4	-5.977300E-4	1.243790E+4	0.000000E+0	0.000000E+0
6.775523E+4	-5.977300E-4	1.243670E+4	0.000000E+0	0.000000E+0
6.781523E+4	-5.977200E-4	1.243550E+4	0.000000E+0	0.000000E+0
6.787523E+4	-5.978000E-4	1.243450E+4	0.000000E+0	0.000000E+0
6.793524E+4	-5.977500E-4	1.243320E+4	0.000000E+0	0.000000E+0
6.799523E+4	-5.977300E-4	1.243190E+4	0.000000E+0	0.000000E+0
6.805523E+4	-5.977300E-4	1.243080E+4	0.000000E+0	0.000000E+0
6.811523E+4	-5.977100E-4	1.242960E+4	0.000000E+0	0.000000E+0
6.817523E+4	-5.977600E-4	1.242840E+4	0.000000E+0	0.000000E+0
6.823523E+4	-5.977200E-4	1.242710E+4	0.000000E+0	0.000000E+0
6.829523E+4	-5.977500E-4	1.242590E+4	0.000000E+0	0.000000E+0
6.835523E+4	-5.977400E-4	1.242440E+4	0.000000E+0	0.000000E+0
6.841523E+4	-5.977400E-4	1.242310E+4	0.000000E+0	0.000000E+0
6.847523E+4	-5.976800E-4	1.242190E+4	0.000000E+0	0.000000E+0
6.853523E+4	-5.976600E-4	1.242060E+4	0.000000E+0	0.000000E+0
6.859523E+4	-5.976400E-4	1.241900E+4	0.000000E+0	0.000000E+0
6.865523E+4	-5.976600E-4	1.241760E+4	0.000000E+0	0.000000E+0
6.871523E+4	-5.976400E-4	1.241620E+4	0.000000E+0	0.000000E+0
6.877523E+4	-5.976500E-4	1.241490E+4	0.000000E+0	0.000000E+0
6.883523E+4	-5.976700E-4	1.241320E+4	0.000000E+0	0.000000E+0
6.889523E+4	-5.976900E-4	1.241170E+4	0.000000E+0	0.000000E+0
6.895523E+4	-5.977300E-4	1.241010E+4	0.000000E+0	0.000000E+0
6.901523E+4	-5.976800E-4	1.240860E+4	0.000000E+0	0.000000E+0
6.907523E+4	-5.976300E-4	1.240730E+4	0.000000E+0	0.000000E+0
6.913523E+4	-5.976600E-4	1.240580E+4	0.000000E+0	0.000000E+0
6.919523E+4	-5.976400E-4	1.240420E+4	0.000000E+0	0.000000E+0
6.925523E+4	-5.975900E-4	1.240270E+4	0.000000E+0	0.000000E+0
6.931523E+4	-5.976700E-4	1.240100E+4	0.000000E+0	0.000000E+0
6.937523E+4	-5.977200E-4	1.239970E+4	0.000000E+0	0.000000E+0
6.943523E+4	-5.977600E-4	1.239800E+4	0.000000E+0	0.000000E+0
6.949523E+4	-5.977300E-4	1.239640E+4	0.000000E+0	0.000000E+0
6.955523E+4	-5.977000E-4	1.239480E+4	0.000000E+0	0.000000E+0
6.961523E+4	-5.976700E-4	1.239340E+4	0.000000E+0	0.000000E+0
6.967523E+4	-5.976400E-4	1.239190E+4	0.000000E+0	0.000000E+0
6.973523E+4	-5.976000E-4	1.239020E+4	0.000000E+0	0.000000E+0
6.979523E+4	-5.975800E-4	1.238860E+4	0.000000E+0	0.000000E+0
6.985523E+4	-5.976500E-4	1.238710E+4	0.000000E+0	0.000000E+0
6.991523E+4	-5.976000E-4	1.238570E+4	0.000000E+0	0.000000E+0
6.997523E+4	-5.975800E-4	1.238430E+4	0.000000E+0	0.000000E+0
7.003523E+4	-5.975800E-4	1.238300E+4	0.000000E+0	0.000000E+0
7.009523E+4	-5.975300E-4	1.238160E+4	0.000000E+0	0.000000E+0
7.015523E+4	-5.975300E-4	1.238020E+4	0.000000E+0	0.000000E+0
7.021523E+4	-5.975000E-4	1.237870E+4	0.000000E+0	0.000000E+0
7.027523E+4	-5.975000E-4	1.237730E+4	0.000000E+0	0.000000E+0
7.033523E+4	-5.975500E-4	1.237590E+4	0.000000E+0	0.000000E+0
7.039523E+4	-5.975600E-4	1.237450E+4	0.000000E+0	0.000000E+0
7.045523E+4	-5.976000E-4	1.237310E+4	0.000000E+0	0.000000E+0
7.051523E+4	-5.975800E-4	1.237160E+4	0.000000E+0	0.000000E+0
7.057523E+4	-5.976500E-4	1.237010E+4	0.000000E+0	0.000000E+0
7.063523E+4	-5.975200E-4	1.236850E+4	0.000000E+0	0.000000E+0
7.069521E+4	-5.974700E-4	1.236730E+4	0.000000E+0	0.000000E+0
7.075523E+4	-5.976000E-4	1.236570E+4	0.000000E+0	0.000000E+0
7.081523E+4	-5.976100E-4	1.236420E+4	0.000000E+0	0.000000E+0
7.087523E+4	-5.975100E-4	1.236280E+4	0.000000E+0	0.000000E+0
7.093523E+4	-5.975300E-4	1.236140E+4	0.000000E+0	0.000000E+0
7.099523E+4	-5.975200E-4	1.235960E+4	0.000000E+0	0.000000E+0
7.105523E+4	-5.975100E-4	1.235810E+4	0.000000E+0	0.000000E+0
7.111523E+4	-5.974500E-4	1.235670E+4	0.000000E+0	0.000000E+0
7.117523E+4	-5.975300E-4	1.235530E+4	0.000000E+0	0.000000E+0
7.123523E+4	-5.975300E-4	1.235370E+4	0.000000E+0	0.000000E+0
7.129523E+4	-5.974800E-4	1.235230E+4	0.000000E+0	0.000000E+0
7.135523E+4	-5.974500E-4	1.235080E+4	0.000000E+0	0.000000E+0
7.141523E+4	-5.975600E-4	1.234930E+4	0.000000E+0	0.000000E+0
7.147523E+4	-5.974300E-4	1.234770E+4	0.000000E+0	0.000000E+0
7.153523E+4	-5.974600E-4	1.234620E+4	0.000000E+0	0.000000E+0
7.159521E+4	-5.974400E-4	1.234470E+4	0.000000E+0	0.000000E+0
7.165523E+4	-5.974500E-4	1.234330E+4	0.000000E+0	0.000000E+0
7.171523E+4	-5.974600E-4	1.234180E+4	0.000000E+0	0.000000E+0
7.177523E+4	-5.974900E-4	1.234020E+4	0.000000E+0	0.000000E+0
7.183523E+4	-5.974300E-4	1.233860E+4	0.000000E+0	0.000000E+0
7.189523E+4	-5.974600E-4	1.233720E+4	0.000000E+0	0.000000E+0
7.195523E+4	-5.974800E-4	1.233590E+4	0.000000E+0	0.000000E+0
7.201523E+4	-5.973800E-4	1.233420E+4	0.000000E+0	0.000000E+0
7.207523E+4	-5.974900E-4	1.233280E+4	0.000000E+0	0.000000E+0
7.213523E+4	-5.974100E-4	1.233140E+4	0.000000E+0	0.000000E+0
7.219523E+4	-5.974000E-4	1.233010E+4	0.000000E+0	0.000000E+0
7.225523E+4	-5.974700E-4	1.232890E+4	0.000000E+0	0.000000E+0
7.231523E+4	-5.973800E-4	1.232760E+4	0.000000E+0	0.000000E+0
7.237523E+4	-5.974900E-4	1.232650E+4	0.000000E+0	0.000000E+0
7.243523E+4	-5.975200E-4	1.232520E+4	0.000000E+0	0.000000E+0
7.249523E+4	-5.974800E-4	1.232400E+4	0.000000E+0	0.000000E+0
7.255523E+4	-5.974300E-4	1.232300E+4	0.000000E+0	0.000000E+0
7.261523E+4	-5.974500E-4	1.232170E+4	0.000000E+0	0.000000E+0
7.267523E+4	-5.974500E-4	1.232060E+4	0.000000E+0	0.000000E+0
7.273523E+4	-5.974600E-4	1.231920E+4	0.000000E+0	0.000000E+0
7.279523E+4	-5.974600E-4	1.231820E+4	0.000000E+0	0.000000E+0
7.285523E+4	-5.974800E-4	1.231700E+4	0.000000E+0	0.000000E+0
7.291523E+4	-5.974400E-4	1.231600E+4	0.000000E+0	0.000000E+0
7.297523E+4	-5.974100E-4	1.231480E+4	0.000000E+0	0.000000E+0
7.303523E+4	-5.973800E-4	1.231360E+4	0.000000E+0	0.000000E+0
7.309523E+4	-5.974200E-4	1.231250E+4	0.000000E+0	0.000000E+0
7.315523E+4	-5.973400E-4	1.231140E+4	0.000000E+0	0.000000E+0
7.321523E+4	-5.974100E-4	1.231040E+4	0.000000E+0	0.000000E+0
7.327521E+4	-5.974300E-4	1.230920E+4	0.000000E+0	0.000000E+0
7.333523E+4	-5.974600E-4	1.230790E+4	0.000000E+0	0.000000E+0
7.339523E+4	-5.973900E-4	1.230660E+4	0.000000E+0	0.000000E+0
7.345523E+4	-5.974600E-4	1.230560E+4	0.000000E+0	0.000000E+0
7.351523E+4	-5.974000E-4	1.230450E+4	0.000000E+0	0.000000E+0
7.357523E+4	-5.973900E-4	1.230340E+4	0.000000E+0	0.000000E+0
7.363523E+4	-5.974500E-4	1.230230E+4	0.000000E+0	0.000000E+0
7.369523E+4	-5.974300E-4	1.230120E+4	0.000000E+0	0.000000E+0
7.375523E+4	-5.974100E-4	1.230040E+4	0.000000E+0	0.000000E+0
7.381523E+4	-5.973900E-4	1.229940E+4	0.000000E+0	0.000000E+0
7.387523E+4	-5.973200E-4	1.229840E+4	0.000000E+0	0.000000E+0
7.393523E+4	-5.973400E-4	1.229730E+4	0.000000E+0	0.000000E+0
7.399523E+4	-5.973300E-4	1.229630E+4	0.000000E+0	0.000000E+0
7.405523E+4	-5.973000E-4	1.229490E+4	0.000000E+0	0.000000E+0
7.411523E+4	-5.972900E-4	1.229380E+4	0.000000E+0	0.000000E+0
7.417523E+4	-5.973100E-4	1.229260E+4	0.000000E+0	0.000000E+0
7.423523E+4	-5.973500E-4	1.229150E+4	0.000000E+0	0.000000E+0
7.429523E+4	-5.973000E-4	1.229030E+4	0.000000E+0	0.000000E+0
7.435523E+4	-5.973200E-4	1.228890E+4	0.000000E+0	0.000000E+0
7.441523E+4	-5.972800E-4	1.228750E+4	0.000000E+0	0.000000E+0
7.447523E+4	-5.972800E-4	1.228600E+4	0.000000E+0	0.000000E+0
7.453523E+4	-5.972600E-4	1.228470E+4	0.000000E+0	0.000000E+0
7.459523E+4	-5.973200E-4	1.228350E+4	0.000000E+0	0.000000E+0
7.465523E+4	-5.973000E-4	1.228210E+4	0.000000E+0	0.000000E+0
7.471523E+4	-5.973200E-4	1.228060E+4	0.000000E+0	0.000000E+0
7.477523E+4	-5.973500E-4	1.227940E+4	0.000000E+0	0.000000E+0
7.483523E+4	-5.973000E-4	1.227830E+4	0.000000E+0	0.000000E+0
7.489523E+4	-5.972500E-4	1.227700E+4	0.000000E+0	0.000000E+0
7.495523E+4	-5.973400E-4	1.227590E+4	0.000000E+0	0.000000E+0
7.501523E+4	-5.973500E-4	1.227490E+4	0.000000E+0	0.000000E+0
7.507523E+4	-5.972400E-4	1.227380E+4	0.000000E+0	0.000000E+0
7.513523E+4	-5.972500E-4	1.227280E+4	0.000000E+0	0.000000E+0
7.519523E+4	-5.972300E-4	1.227170E+4	0.000000E+0	0.000000E+0
7.525523E+4	-5.972900E-4	1.227060E+4	0.000000E+0	0.000000E+0
7.531523E+4	-5.972500E-4	1.226970E+4	0.000000E+0	0.000000E+0
7.537523E+4	-5.972300E-4	1.226870E+4	0.000000E+0	0.000000E+0
7.543523E+4	-5.972500E-4	1.226770E+4	0.000000E+0	0.000000E+0
7.549523E+4	-5.972800E-4	1.226660E+4	0.000000E+0	0.000000E+0
7.555520E+4	-5.971800E-4	1.226540E+4	0.000000E+0	0.000000E+0
7.561523E+4	-5.972700E-4	1.226440E+4	0.000000E+0	0.000000E+0
7.567523E+4	-5.972500E-4	1.226320E+4	0.000000E+0	0.000000E+0
7.573523E+4	-5.971600E-4	1.226200E+4	0.000000E+0	0.000000E+0
7.579523E+4	-5.972300E-4	1.226070E+4	0.000000E+0	0.000000E+0
7.585523E+4	-5.972700E-4	1.225950E+4	0.000000E+0	0.000000E+0
7.591523E+4	-5.972000E-4	1.225830E+4	0.000000E+0	0.000000E+0
7.597523E+4	-5.972100E-4	1.225700E+4	0.000000E+0	0.000000E+0
7.603523E+4	-5.971900E-4	1.225560E+4	0.000000E+0	0.000000E+0
7.609523E+4	-5.972100E-4	1.225430E+4	0.000000E+0	0.000000E+0
7.615523E+4	-5.971700E-4	1.225280E+4	0.000000E+0	0.000000E+0
7.621523E+4	-5.972000E-4	1.225160E+4	0.000000E+0	0.000000E+0
7.627523E+4	-5.971900E-4	1.225030E+4	0.000000E+0	0.000000E+0
7.633523E+4	-5.972300E-4	1.224910E+4	0.000000E+0	0.000000E+0
7.639521E+4	-5.972400E-4	1.224780E+4	0.000000E+0	0.000000E+0
7.645523E+4	-5.972000E-4	1.224640E+4	0.000000E+0	0.000000E+0
7.651523E+4	-5.971700E-4	1.224530E+4	0.000000E+0	0.000000E+0
7.657523E+4	-5.972400E-4	1.224400E+4	0.000000E+0	0.000000E+0
7.663523E+4	-5.972200E-4	1.224250E+4	0.000000E+0	0.000000E+0
7.669523E+4	-5.971700E-4	1.224120E+4	0.000000E+0	0.000000E+0
7.675523E+4	-5.971600E-4	1.223990E+4	0.000000E+0	0.000000E+0
7.681523E+4	-5.971900E-4	1.223870E+4	0.000000E+0	0.000000E+0
7.687523E+4	-5.971700E-4	1.223730E+4	0.000000E+0	0.000000E+0
7.693523E+4	-5.971300E-4	1.223580E+4	0.000000E+0	0.000000E+0
7.699523E+4	-5.971700E-4	1.223440E+4	0.000000E+0	0.000000E+0
7.705523E+4	-5.972200E-4	1.223280E+4	0.000000E+0	0.000000E+0
7.711523E+4	-5.971000E-4	1.223120E+4	0.000000E+0	0.000000E+0
7.717523E+4	-5.971400E-4	1.222930E+4	0.000000E+0	0.000000E+0
7.723523E+4	-5.971000E-4	1.222720E+4	0.000000E+0	0.000000E+0
7.729523E+4	-5.970800E-4	1.222530E+4	0.000000E+0	0.000000E+0
7.735524E+4	-5.971200E-4	1.222350E+4	0.000000E+0	0.000000E+0
7.741522E+4	-5.970600E-4	1.222170E+4	0.000000E+0	0.000000E+0
7.747523E+4	-5.970800E-4	1.221980E+4	0.000000E+0	0.000000E+0
7.753523E+4	-5.971000E-4	1.221780E+4	0.000000E+0	0.000000E+0
7.759523E+4	-5.970800E-4	1.221600E+4	0.000000E+0	0.000000E+0
7.765523E+4	-5.970900E-4	1.221380E+4	0.000000E+0	0.000000E+0
7.771523E+4	-5.970800E-4	1.221200E+4	0.000000E+0	0.000000E+0
7.777523E+4	-5.970800E-4	1.221010E+4	0.000000E+0	0.000000E+0
7.783523E+4	-5.971000E-4	1.220840E+4	0.000000E+0	0.000000E+0
7.789523E+4	-5.970900E-4	1.220680E+4	0.000000E+0	0.000000E+0
7.795523E+4	-5.970900E-4	1.220510E+4	0.000000E+0	0.000000E+0
7.801523E+4	-5.971100E-4	1.220320E+4	0.000000E+0	0.000000E+0
7.807523E+4	-5.971100E-4	1.220140E+4	0.000000E+0	0.000000E+0
7.813523E+4	-5.970300E-4	1.219980E+4	0.000000E+0	0.000000E+0
7.819523E+4	-5.970400E-4	1.219830E+4	0.000000E+0	0.000000E+0
7.825523E+4	-5.970900E-4	1.219670E+4	0.000000E+0	0.000000E+0
7.831523E+4	-5.970300E-4	1.219520E+4	0.000000E+0	0.000000E+0
7.837523E+4	-5.970800E-4	1.219370E+4	0.000000E+0	0.000000E+0
7.843523E+4	-5.970300E-4	1.219200E+4	0.000000E+0	0.000000E+0
7.849521E+4	-5.969900E-4	1.219050E+4	0.000000E+0	0.000000E+0
7.855523E+4	-5.970300E-4	1.218900E+4	0.000000E+0	0.000000E+0
7.861520E+4	-5.970400E-4	1.218760E+4	0.000000E+0	0.000000E+0
7.867523E+4	-5.971000E-4	1.218620E+4	0.000000E+0	0.000000E+0
7.873523E+4	-5.970900E-4	1.218480E+4	0.000000E+0	0.000000E+0
7.879523E+4	-5.970400E-4	1.218350E+4	0.000000E+0	0.000000E+0
7.885523E+4	-5.970000E-4	1.218210E+4	0.000000E+0	0.000000E+0
7.891523E+4	-5.970300E-4	1.218080E+4	0.000000E+0	0.000000E+0
7.897523E+4	-5.969400E-4	1.217930E+4	0.000000E+0	0.000000E+0
7.903523E+4	-5.969900E-4	1.217810E+4	0.000000E+0	0.000000E+0
7.909523E+4	-5.969400E-4	1.217680E+4	0.000000E+0	0.000000E+0
7.915523E+4	-5.970100E-4	1.217570E+4	0.000000E+0	0.000000E+0
7.921523E+4	-5.970100E-4	1.217450E+4	0.000000E+0	0.000000E+0
7.927523E+4	-5.969700E-4	1.217330E+4	0.000000E+0	0.000000E+0
7.933523E+4	-5.969400E-4	1.217200E+4	0.000000E+0	0.000000E+0
7.939523E+4	-5.969500E-4	1.217060E+4	0.000000E+0	0.000000E+0
7.945523E+4	-5.969300E-4	1.216920E+4	0.000000E+0	0.000000E+0
7.951523E+4	-5.969100E-4	1.216790E+4	0.000000E+0	0.000000E+0
7.957523E+4	-5.969300E-4	1.216620E+4	0.000000E+0	0.000000E+0
7.963523E+4	-5.969600E-4	1.216500E+4	0.000000E+0	0.000000E+0
7.969523E+4	-5.969400E-4	1.216370E+4	0.000000E+0	0.000000E+0
7.975523E+4	-5.970300E-4	1.216240E+4	0.000000E+0	0.000000E+0
7.981523E+4	-5.969500E-4	1.216110E+4	0.000000E+0	0.000000E+0
7.987523E+4	-5.969500E-4	1.216000E+4	0.000000E+0	0.000000E+0
7.993523E+4	-5.969400E-4	1.215870E+4	0.000000E+0	0.000000E+0
7.999523E+4	-5.969900E-4	1.215740E+4	0.000000E+0	0.000000E+0
