
Medición hecha el 2026-08-31  10:25 a.m.

Medición de corriente y tensión en el tiempo con posibilidad de inyectar corriente.
Tiempo	Corriente	Tensión
3.352000E+0	9.725100E-8	1.379010E+4	0.000000E+0	0.000000E+0
7.440000E+0	9.710300E-8	1.378990E+4	0.000000E+0	0.000000E+0
1.147900E+1	9.699900E-8	1.378990E+4	0.000000E+0	0.000000E+0
1.546900E+1	9.708500E-8	1.378970E+4	0.000000E+0	0.000000E+0
1.946100E+1	9.707100E-8	1.378950E+4	0.000000E+0	0.000000E+0
2.346100E+1	9.706700E-8	1.378960E+4	0.000000E+0	0.000000E+0
2.746500E+1	9.708600E-8	1.378960E+4	0.000000E+0	0.000000E+0
3.145900E+1	9.710200E-8	1.378920E+4	0.000000E+0	0.000000E+0
3.547200E+1	9.708900E-8	1.378890E+4	0.000000E+0	0.000000E+0
3.946700E+1	9.716100E-8	1.378860E+4	0.000000E+0	0.000000E+0
4.346500E+1	9.704500E-8	1.378830E+4	0.000000E+0	0.000000E+0
4.746200E+1	9.704000E-8	1.378810E+4	0.000000E+0	0.000000E+0
5.147500E+1	9.703600E-8	1.378790E+4	0.000000E+0	0.000000E+0
5.546600E+1	9.705300E-8	1.378780E+4	0.000000E+0	0.000000E+0
5.946600E+1	9.703300E-8	1.378780E+4	0.000000E+0	0.000000E+0
6.346600E+1	9.708000E-8	1.378770E+4	0.000000E+0	0.000000E+0
6.747100E+1	9.704600E-8	1.378740E+4	0.000000E+0	0.000000E+0
7.146600E+1	9.705500E-8	1.378720E+4	0.000000E+0	0.000000E+0
7.546600E+1	9.715500E-8	1.378720E+4	0.000000E+0	0.000000E+0
7.946600E+1	9.706400E-8	1.378690E+4	0.000000E+0	0.000000E+0
8.346600E+1	9.714300E-8	1.378660E+4	0.000000E+0	0.000000E+0
8.746700E+1	9.707100E-8	1.378640E+4	0.000000E+0	0.000000E+0
9.146500E+1	9.711800E-8	1.378620E+4	0.000000E+0	0.000000E+0
9.546400E+1	9.709100E-8	1.378600E+4	0.000000E+0	0.000000E+0
9.946800E+1	9.710500E-8	1.378580E+4	0.000000E+0	0.000000E+0
1.034670E+2	9.708500E-8	1.378560E+4	0.000000E+0	0.000000E+0
1.074680E+2	9.706600E-8	1.378530E+4	0.000000E+0	0.000000E+0
1.114670E+2	9.716900E-8	1.378500E+4	0.000000E+0	0.000000E+0
1.154680E+2	9.706700E-8	1.378480E+4	0.000000E+0	0.000000E+0
1.194730E+2	9.707900E-8	1.378450E+4	0.000000E+0	0.000000E+0
1.234680E+2	9.710700E-8	1.378420E+4	0.000000E+0	0.000000E+0
1.274710E+2	9.707000E-8	1.378390E+4	0.000000E+0	0.000000E+0
1.314690E+2	9.708300E-8	1.378370E+4	0.000000E+0	0.000000E+0
1.354710E+2	9.708700E-8	1.378350E+4	0.000000E+0	0.000000E+0
1.394630E+2	9.707200E-8	1.378320E+4	0.000000E+0	0.000000E+0
1.434680E+2	9.708500E-8	1.378280E+4	0.000000E+0	0.000000E+0
1.474660E+2	9.721600E-8	1.378250E+4	0.000000E+0	0.000000E+0
1.514620E+2	9.709500E-8	1.378220E+4	0.000000E+0	0.000000E+0
1.554690E+2	9.708100E-8	1.378210E+4	0.000000E+0	0.000000E+0
1.594660E+2	9.708000E-8	1.378200E+4	0.000000E+0	0.000000E+0
1.634700E+2	9.714400E-8	1.378170E+4	0.000000E+0	0.000000E+0
1.674650E+2	9.706200E-8	1.378140E+4	0.000000E+0	0.000000E+0
1.714700E+2	9.709700E-8	1.378120E+4	0.000000E+0	0.000000E+0
1.754650E+2	9.709900E-8	1.378110E+4	0.000000E+0	0.000000E+0
1.794670E+2	9.707900E-8	1.378090E+4	0.000000E+0	0.000000E+0
1.834670E+2	9.723900E-8	1.378070E+4	0.000000E+0	0.000000E+0
1.874700E+2	9.709400E-8	1.378030E+4	0.000000E+0	0.000000E+0
1.914670E+2	9.710100E-8	1.378010E+4	0.000000E+0	0.000000E+0
1.954630E+2	9.708900E-8	1.377980E+4	0.000000E+0	0.000000E+0
1.994630E+2	9.712000E-8	1.377960E+4	0.000000E+0	0.000000E+0
2.034610E+2	9.713400E-8	1.377940E+4	0.000000E+0	0.000000E+0
2.074610E+2	9.711700E-8	1.377920E+4	0.000000E+0	0.000000E+0
2.114690E+2	9.710300E-8	1.377890E+4	0.000000E+0	0.000000E+0
2.154630E+2	9.708700E-8	1.377860E+4	0.000000E+0	0.000000E+0
2.194670E+2	9.725400E-8	1.377830E+4	0.000000E+0	0.000000E+0
2.234660E+2	9.711800E-8	1.377810E+4	0.000000E+0	0.000000E+0
2.274710E+2	9.706800E-8	1.377780E+4	0.000000E+0	0.000000E+0
2.314640E+2	9.708600E-8	1.377750E+4	0.000000E+0	0.000000E+0
2.354650E+2	9.707700E-8	1.377720E+4	0.000000E+0	0.000000E+0
2.394670E+2	9.711900E-8	1.377690E+4	0.000000E+0	0.000000E+0
2.434650E+2	9.710700E-8	1.377670E+4	0.000000E+0	0.000000E+0
2.474700E+2	9.710300E-8	1.377640E+4	0.000000E+0	0.000000E+0
2.514650E+2	9.713200E-8	1.377620E+4	0.000000E+0	0.000000E+0
2.554670E+2	9.722100E-8	1.377600E+4	0.000000E+0	0.000000E+0
2.594650E+2	9.710100E-8	1.377570E+4	0.000000E+0	0.000000E+0
2.634640E+2	9.711800E-8	1.377550E+4	0.000000E+0	0.000000E+0
2.674660E+2	9.712200E-8	1.377510E+4	0.000000E+0	0.000000E+0
2.714680E+2	9.714600E-8	1.377490E+4	0.000000E+0	0.000000E+0
2.754660E+2	9.712400E-8	1.377490E+4	0.000000E+0	0.000000E+0
2.794650E+2	9.712200E-8	1.377470E+4	0.000000E+0	0.000000E+0
2.834650E+2	9.715600E-8	1.377490E+4	0.000000E+0	0.000000E+0
2.874690E+2	9.713500E-8	1.377500E+4	0.000000E+0	0.000000E+0
2.914690E+2	9.725200E-8	1.377450E+4	0.000000E+0	0.000000E+0
2.954670E+2	9.712300E-8	1.377400E+4	0.000000E+0	0.000000E+0
2.994630E+2	9.716800E-8	1.377380E+4	0.000000E+0	0.000000E+0
3.034670E+2	9.714700E-8	1.377380E+4	0.000000E+0	0.000000E+0
3.074700E+2	9.718600E-8	1.377370E+4	0.000000E+0	0.000000E+0
3.114720E+2	9.712300E-8	1.377350E+4	0.000000E+0	0.000000E+0
3.154650E+2	9.712200E-8	1.377310E+4	0.000000E+0	0.000000E+0
3.194620E+2	9.713300E-8	1.377260E+4	0.000000E+0	0.000000E+0
3.234670E+2	9.715200E-8	1.377210E+4	0.000000E+0	0.000000E+0
3.274640E+2	9.723700E-8	1.377170E+4	0.000000E+0	0.000000E+0
3.314680E+2	9.714300E-8	1.377130E+4	0.000000E+0	0.000000E+0
3.354670E+2	9.712800E-8	1.377100E+4	0.000000E+0	0.000000E+0
3.394660E+2	9.712100E-8	1.377100E+4	0.000000E+0	0.000000E+0
3.434650E+2	9.712200E-8	1.377110E+4	0.000000E+0	0.000000E+0
3.474680E+2	9.716600E-8	1.377060E+4	0.000000E+0	0.000000E+0
3.514660E+2	9.713700E-8	1.377020E+4	0.000000E+0	0.000000E+0
3.554650E+2	9.708300E-8	1.376980E+4	0.000000E+0	0.000000E+0
3.594660E+2	9.710100E-8	1.376950E+4	0.000000E+0	0.000000E+0
3.634650E+2	9.722800E-8	1.376920E+4	0.000000E+0	0.000000E+0
3.674710E+2	9.714200E-8	1.376880E+4	0.000000E+0	0.000000E+0
3.714690E+2	9.710900E-8	1.376850E+4	0.000000E+0	0.000000E+0
3.754660E+2	9.712200E-8	1.376810E+4	0.000000E+0	0.000000E+0
3.794670E+2	9.713600E-8	1.376770E+4	0.000000E+0	0.000000E+0
3.834610E+2	9.713900E-8	1.376740E+4	0.000000E+0	0.000000E+0
3.874610E+2	9.718200E-8	1.376720E+4	0.000000E+0	0.000000E+0
3.914640E+2	9.713000E-8	1.376700E+4	0.000000E+0	0.000000E+0
3.954670E+2	9.713000E-8	1.376680E+4	0.000000E+0	0.000000E+0
3.994670E+2	9.725900E-8	1.376660E+4	0.000000E+0	0.000000E+0
4.034640E+2	9.714700E-8	1.376630E+4	0.000000E+0	0.000000E+0
4.074640E+2	9.713400E-8	1.376580E+4	0.000000E+0	0.000000E+0
4.114680E+2	9.715800E-8	1.376550E+4	0.000000E+0	0.000000E+0
4.154650E+2	9.717800E-8	1.376550E+4	0.000000E+0	0.000000E+0
4.194690E+2	9.716900E-8	1.376520E+4	0.000000E+0	0.000000E+0
4.234700E+2	9.718400E-8	1.376470E+4	0.000000E+0	0.000000E+0
4.274680E+2	9.714900E-8	1.376430E+4	0.000000E+0	0.000000E+0
4.314710E+2	9.715000E-8	1.376390E+4	0.000000E+0	0.000000E+0
4.354660E+2	9.726600E-8	1.376390E+4	0.000000E+0	0.000000E+0
4.394680E+2	9.714000E-8	1.376360E+4	0.000000E+0	0.000000E+0
4.434660E+2	9.715100E-8	1.376360E+4	0.000000E+0	0.000000E+0
4.474660E+2	9.715500E-8	1.376320E+4	0.000000E+0	0.000000E+0
4.514670E+2	9.715300E-8	1.376290E+4	0.000000E+0	0.000000E+0
4.554640E+2	9.716400E-8	1.376250E+4	0.000000E+0	0.000000E+0
4.594640E+2	9.714400E-8	1.376220E+4	0.000000E+0	0.000000E+0
4.634670E+2	9.715700E-8	1.376180E+4	0.000000E+0	0.000000E+0
4.674650E+2	9.718700E-8	1.376140E+4	0.000000E+0	0.000000E+0
4.714650E+2	9.728700E-8	1.376110E+4	0.000000E+0	0.000000E+0
4.754650E+2	9.718600E-8	1.376080E+4	0.000000E+0	0.000000E+0
4.794690E+2	9.718500E-8	1.376020E+4	0.000000E+0	0.000000E+0
4.834600E+2	9.718600E-8	1.376000E+4	0.000000E+0	0.000000E+0
4.874680E+2	9.719100E-8	1.375980E+4	0.000000E+0	0.000000E+0
4.914660E+2	9.720400E-8	1.375950E+4	0.000000E+0	0.000000E+0
4.954680E+2	9.723000E-8	1.375920E+4	0.000000E+0	0.000000E+0
4.994680E+2	9.721200E-8	1.375910E+4	0.000000E+0	0.000000E+0
5.034760E+2	9.724300E-8	1.375880E+4	0.000000E+0	0.000000E+0
5.074680E+2	9.740800E-8	1.375850E+4	0.000000E+0	0.000000E+0
5.114680E+2	9.733200E-8	1.375820E+4	0.000000E+0	0.000000E+0
5.154630E+2	9.731300E-8	1.375780E+4	0.000000E+0	0.000000E+0
5.194640E+2	9.730900E-8	1.375740E+4	0.000000E+0	0.000000E+0
5.234710E+2	9.731000E-8	1.375710E+4	0.000000E+0	0.000000E+0
5.274670E+2	9.732300E-8	1.375690E+4	0.000000E+0	0.000000E+0
5.314670E+2	9.734800E-8	1.375660E+4	0.000000E+0	0.000000E+0
5.354650E+2	9.735200E-8	1.375630E+4	0.000000E+0	0.000000E+0
5.394670E+2	9.736000E-8	1.375570E+4	0.000000E+0	0.000000E+0
5.434640E+2	9.749500E-8	1.375530E+4	0.000000E+0	0.000000E+0
5.474650E+2	9.736800E-8	1.375490E+4	0.000000E+0	0.000000E+0
5.514640E+2	9.734600E-8	1.375460E+4	0.000000E+0	0.000000E+0
5.554630E+2	9.734200E-8	1.375400E+4	0.000000E+0	0.000000E+0
5.594680E+2	9.739500E-8	1.375370E+4	0.000000E+0	0.000000E+0
5.634650E+2	9.734800E-8	1.375330E+4	0.000000E+0	0.000000E+0
5.674640E+2	9.733400E-8	1.375280E+4	0.000000E+0	0.000000E+0
5.714680E+2	9.733100E-8	1.375230E+4	0.000000E+0	0.000000E+0
5.754690E+2	9.734800E-8	1.375190E+4	0.000000E+0	0.000000E+0
5.794690E+2	9.739600E-8	1.375160E+4	0.000000E+0	0.000000E+0
5.834630E+2	9.727200E-8	1.375120E+4	0.000000E+0	0.000000E+0
5.874630E+2	9.729300E-8	1.375100E+4	0.000000E+0	0.000000E+0
5.914630E+2	9.729800E-8	1.375050E+4	0.000000E+0	0.000000E+0
5.954650E+2	9.729500E-8	1.375020E+4	0.000000E+0	0.000000E+0
5.994660E+2	9.732200E-8	1.374990E+4	0.000000E+0	0.000000E+0
6.034670E+2	9.730500E-8	1.374960E+4	0.000000E+0	0.000000E+0
6.074700E+2	9.731000E-8	1.374950E+4	0.000000E+0	0.000000E+0
6.114690E+2	9.729500E-8	1.374920E+4	0.000000E+0	0.000000E+0
6.154670E+2	9.740600E-8	1.374910E+4	0.000000E+0	0.000000E+0
6.194640E+2	9.731200E-8	1.374880E+4	0.000000E+0	0.000000E+0
6.234660E+2	9.732200E-8	1.374870E+4	0.000000E+0	0.000000E+0
6.274680E+2	9.730600E-8	1.374840E+4	0.000000E+0	0.000000E+0
6.314640E+2	9.732700E-8	1.374810E+4	0.000000E+0	0.000000E+0
6.354700E+2	9.732700E-8	1.374770E+4	0.000000E+0	0.000000E+0
6.394710E+2	9.732700E-8	1.374740E+4	0.000000E+0	0.000000E+0
6.434660E+2	9.730900E-8	1.374730E+4	0.000000E+0	0.000000E+0
6.474630E+2	9.733900E-8	1.374710E+4	0.000000E+0	0.000000E+0
6.514660E+2	9.743000E-8	1.374680E+4	0.000000E+0	0.000000E+0
6.554630E+2	9.731400E-8	1.374650E+4	0.000000E+0	0.000000E+0
6.594660E+2	9.733400E-8	1.374610E+4	0.000000E+0	0.000000E+0
6.634680E+2	9.731400E-8	1.374570E+4	0.000000E+0	0.000000E+0
6.674660E+2	9.732700E-8	1.374540E+4	0.000000E+0	0.000000E+0
6.714640E+2	9.736900E-8	1.374500E+4	0.000000E+0	0.000000E+0
6.754670E+2	9.735800E-8	1.374470E+4	0.000000E+0	0.000000E+0
6.794690E+2	9.734900E-8	1.374430E+4	0.000000E+0	0.000000E+0
6.834690E+2	9.737100E-8	1.374430E+4	0.000000E+0	0.000000E+0
6.874670E+2	9.746200E-8	1.374400E+4	0.000000E+0	0.000000E+0
6.914670E+2	9.732200E-8	1.374380E+4	0.000000E+0	0.000000E+0
6.954670E+2	9.732800E-8	1.374360E+4	0.000000E+0	0.000000E+0
6.994680E+2	9.730400E-8	1.374370E+4	0.000000E+0	0.000000E+0
7.034670E+2	9.732600E-8	1.374340E+4	0.000000E+0	0.000000E+0
7.074640E+2	9.744700E-8	1.374300E+4	0.000000E+0	0.000000E+0
7.114650E+2	9.743200E-8	1.374240E+4	0.000000E+0	0.000000E+0
7.154710E+2	9.743700E-8	1.374190E+4	0.000000E+0	0.000000E+0
7.194680E+2	9.747100E-8	1.374130E+4	0.000000E+0	0.000000E+0
7.234680E+2	9.758000E-8	1.374080E+4	0.000000E+0	0.000000E+0
7.274650E+2	9.746300E-8	1.374050E+4	0.000000E+0	0.000000E+0
7.314700E+2	9.746500E-8	1.374000E+4	0.000000E+0	0.000000E+0
7.354690E+2	9.744500E-8	1.373980E+4	0.000000E+0	0.000000E+0
7.394720E+2	9.744100E-8	1.373970E+4	0.000000E+0	0.000000E+0
7.434640E+2	9.746100E-8	1.373940E+4	0.000000E+0	0.000000E+0
7.474640E+2	9.745200E-8	1.373900E+4	0.000000E+0	0.000000E+0
7.514670E+2	9.744900E-8	1.373840E+4	0.000000E+0	0.000000E+0
7.554690E+2	9.745200E-8	1.373790E+4	0.000000E+0	0.000000E+0
7.594700E+2	9.757100E-8	1.373730E+4	0.000000E+0	0.000000E+0
7.634670E+2	9.745100E-8	1.373690E+4	0.000000E+0	0.000000E+0
7.674610E+2	9.748000E-8	1.373650E+4	0.000000E+0	0.000000E+0
7.714700E+2	9.747400E-8	1.373620E+4	0.000000E+0	0.000000E+0
7.754670E+2	9.749300E-8	1.373590E+4	0.000000E+0	0.000000E+0
7.794740E+2	9.744800E-8	1.373550E+4	0.000000E+0	0.000000E+0
7.834680E+2	9.744800E-8	1.373530E+4	0.000000E+0	0.000000E+0
7.874670E+2	9.746400E-8	1.373510E+4	0.000000E+0	0.000000E+0
7.914670E+2	9.743600E-8	1.373490E+4	0.000000E+0	0.000000E+0
7.954700E+2	9.758900E-8	1.373470E+4	0.000000E+0	0.000000E+0
7.994710E+2	9.745700E-8	1.373430E+4	0.000000E+0	0.000000E+0
8.034700E+2	9.744200E-8	1.373400E+4	0.000000E+0	0.000000E+0
8.074660E+2	9.743600E-8	1.373370E+4	0.000000E+0	0.000000E+0
8.114680E+2	9.742200E-8	1.373360E+4	0.000000E+0	0.000000E+0
8.154660E+2	9.743400E-8	1.373320E+4	0.000000E+0	0.000000E+0
8.194640E+2	9.746300E-8	1.373280E+4	0.000000E+0	0.000000E+0
8.234630E+2	9.747700E-8	1.373230E+4	0.000000E+0	0.000000E+0
8.274650E+2	9.748300E-8	1.373200E+4	0.000000E+0	0.000000E+0
8.314690E+2	9.757200E-8	1.373170E+4	0.000000E+0	0.000000E+0
8.354640E+2	9.746800E-8	1.373140E+4	0.000000E+0	0.000000E+0
8.394630E+2	9.749000E-8	1.373110E+4	0.000000E+0	0.000000E+0
8.434650E+2	9.747800E-8	1.373090E+4	0.000000E+0	0.000000E+0
8.474730E+2	9.749500E-8	1.373080E+4	0.000000E+0	0.000000E+0
8.514670E+2	9.746400E-8	1.373040E+4	0.000000E+0	0.000000E+0
8.554650E+2	9.746900E-8	1.373010E+4	0.000000E+0	0.000000E+0
8.594670E+2	9.747900E-8	1.372970E+4	0.000000E+0	0.000000E+0
8.634680E+2	9.744300E-8	1.372930E+4	0.000000E+0	0.000000E+0
8.674680E+2	9.757700E-8	1.372900E+4	0.000000E+0	0.000000E+0
8.714680E+2	9.749300E-8	1.372850E+4	0.000000E+0	0.000000E+0
8.754680E+2	9.748100E-8	1.372810E+4	0.000000E+0	0.000000E+0
8.794630E+2	9.749200E-8	1.372780E+4	0.000000E+0	0.000000E+0
8.834660E+2	9.750600E-8	1.372740E+4	0.000000E+0	0.000000E+0
8.874610E+2	9.749400E-8	1.372700E+4	0.000000E+0	0.000000E+0
8.914660E+2	9.749800E-8	1.372690E+4	0.000000E+0	0.000000E+0
8.954710E+2	9.746200E-8	1.372690E+4	0.000000E+0	0.000000E+0
8.994690E+2	9.744800E-8	1.372660E+4	0.000000E+0	0.000000E+0
9.034710E+2	9.762000E-8	1.372620E+4	0.000000E+0	0.000000E+0
9.074690E+2	9.747000E-8	1.372580E+4	0.000000E+0	0.000000E+0
9.114660E+2	9.748000E-8	1.372540E+4	0.000000E+0	0.000000E+0
9.154700E+2	9.745900E-8	1.372500E+4	0.000000E+0	0.000000E+0
9.194670E+2	9.748300E-8	1.372460E+4	0.000000E+0	0.000000E+0
9.234650E+2	9.745900E-8	1.372420E+4	0.000000E+0	0.000000E+0
9.274670E+2	9.748300E-8	1.372370E+4	0.000000E+0	0.000000E+0
9.314700E+2	9.746200E-8	1.372300E+4	0.000000E+0	0.000000E+0
9.354650E+2	9.748300E-8	1.372260E+4	0.000000E+0	0.000000E+0
9.394680E+2	9.757900E-8	1.372210E+4	0.000000E+0	0.000000E+0
9.434650E+2	9.746000E-8	1.372180E+4	0.000000E+0	0.000000E+0
9.474670E+2	9.742000E-8	1.372140E+4	0.000000E+0	0.000000E+0
9.514680E+2	9.746700E-8	1.372110E+4	0.000000E+0	0.000000E+0
9.554680E+2	9.748000E-8	1.372080E+4	0.000000E+0	0.000000E+0
9.594650E+2	9.744100E-8	1.372050E+4	0.000000E+0	0.000000E+0
9.634720E+2	9.739200E-8	1.372010E+4	0.000000E+0	0.000000E+0
9.674680E+2	9.738200E-8	1.371970E+4	0.000000E+0	0.000000E+0
9.714660E+2	9.740700E-8	1.371940E+4	0.000000E+0	0.000000E+0
9.754640E+2	9.754900E-8	1.371910E+4	0.000000E+0	0.000000E+0
9.794670E+2	9.739000E-8	1.371880E+4	0.000000E+0	0.000000E+0
9.834690E+2	9.743200E-8	1.371840E+4	0.000000E+0	0.000000E+0
9.874690E+2	9.741400E-8	1.371800E+4	0.000000E+0	0.000000E+0
9.914670E+2	9.742400E-8	1.371770E+4	0.000000E+0	0.000000E+0
9.954670E+2	9.741100E-8	1.371740E+4	0.000000E+0	0.000000E+0
9.994640E+2	9.752700E-8	1.371700E+4	0.000000E+0	0.000000E+0
1.003475E+3	9.750900E-8	1.371680E+4	0.000000E+0	0.000000E+0
1.007468E+3	9.752300E-8	1.371660E+4	0.000000E+0	0.000000E+0
1.011467E+3	9.764000E-8	1.371650E+4	0.000000E+0	0.000000E+0
1.015463E+3	9.753900E-8	1.371630E+4	0.000000E+0	0.000000E+0
1.019473E+3	9.751500E-8	1.371610E+4	0.000000E+0	0.000000E+0
1.023468E+3	9.752900E-8	1.371590E+4	0.000000E+0	0.000000E+0
1.027468E+3	9.756000E-8	1.371560E+4	0.000000E+0	0.000000E+0
1.031465E+3	9.752300E-8	1.371530E+4	0.000000E+0	0.000000E+0
1.035468E+3	9.755200E-8	1.371510E+4	0.000000E+0	0.000000E+0
1.039469E+3	9.754300E-8	1.371460E+4	0.000000E+0	0.000000E+0
1.043468E+3	9.753300E-8	1.371410E+4	0.000000E+0	0.000000E+0
1.047464E+3	9.767000E-8	1.371370E+4	0.000000E+0	0.000000E+0
1.051466E+3	9.755200E-8	1.371360E+4	0.000000E+0	0.000000E+0
1.055472E+3	9.750900E-8	1.371340E+4	0.000000E+0	0.000000E+0
1.059450E+3	9.753100E-8	1.371300E+4	0.000000E+0	0.000000E+0
1.063485E+3	9.751100E-8	1.371270E+4	0.000000E+0	0.000000E+0
1.067464E+3	9.753500E-8	1.371230E+4	0.000000E+0	0.000000E+0
1.071470E+3	9.751800E-8	1.371180E+4	0.000000E+0	0.000000E+0
1.075467E+3	9.749800E-8	1.371150E+4	0.000000E+0	0.000000E+0
1.079467E+3	9.751200E-8	1.371110E+4	0.000000E+0	0.000000E+0
1.083468E+3	9.765300E-8	1.371080E+4	0.000000E+0	0.000000E+0
1.087467E+3	9.752400E-8	1.371050E+4	0.000000E+0	0.000000E+0
1.091467E+3	9.750700E-8	1.371020E+4	0.000000E+0	0.000000E+0
1.095471E+3	9.747100E-8	1.370990E+4	0.000000E+0	0.000000E+0
1.099470E+3	9.747800E-8	1.370970E+4	0.000000E+0	0.000000E+0
1.103468E+3	9.757000E-8	1.370960E+4	0.000000E+0	0.000000E+0
1.107468E+3	9.752600E-8	1.370950E+4	0.000000E+0	0.000000E+0
1.111468E+3	9.752100E-8	1.370930E+4	0.000000E+0	0.000000E+0
1.115466E+3	9.752700E-8	1.370900E+4	0.000000E+0	0.000000E+0
1.119468E+3	9.764000E-8	1.370860E+4	0.000000E+0	0.000000E+0
1.123468E+3	9.753300E-8	1.370830E+4	0.000000E+0	0.000000E+0
1.127471E+3	9.752300E-8	1.370800E+4	0.000000E+0	0.000000E+0
1.131466E+3	9.752400E-8	1.370770E+4	0.000000E+0	0.000000E+0
1.135466E+3	9.754600E-8	1.370750E+4	0.000000E+0	0.000000E+0
1.139462E+3	9.752200E-8	1.370770E+4	0.000000E+0	0.000000E+0
1.143474E+3	9.752300E-8	1.370760E+4	0.000000E+0	0.000000E+0
1.147464E+3	9.752300E-8	1.370750E+4	0.000000E+0	0.000000E+0
1.151467E+3	9.753900E-8	1.370720E+4	0.000000E+0	0.000000E+0
1.155464E+3	9.768300E-8	1.370680E+4	0.000000E+0	0.000000E+0
1.159473E+3	9.753100E-8	1.370630E+4	0.000000E+0	0.000000E+0
1.163467E+3	9.754700E-8	1.370570E+4	0.000000E+0	0.000000E+0
1.167473E+3	9.753200E-8	1.370500E+4	0.000000E+0	0.000000E+0
1.171463E+3	9.756100E-8	1.370460E+4	0.000000E+0	0.000000E+0
1.175471E+3	9.756100E-8	1.370380E+4	0.000000E+0	0.000000E+0
1.179471E+3	9.754800E-8	1.370330E+4	0.000000E+0	0.000000E+0
1.183470E+3	9.753300E-8	1.370300E+4	0.000000E+0	0.000000E+0
1.187468E+3	9.755600E-8	1.370290E+4	0.000000E+0	0.000000E+0
1.191464E+3	9.772900E-8	1.370280E+4	0.000000E+0	0.000000E+0
1.195467E+3	9.755900E-8	1.370260E+4	0.000000E+0	0.000000E+0
1.199465E+3	9.753900E-8	1.370180E+4	0.000000E+0	0.000000E+0
1.203463E+3	9.754900E-8	1.370130E+4	0.000000E+0	0.000000E+0
1.207465E+3	9.759000E-8	1.370110E+4	0.000000E+0	0.000000E+0
1.211466E+3	9.752700E-8	1.370070E+4	0.000000E+0	0.000000E+0
1.215466E+3	9.751700E-8	1.370030E+4	0.000000E+0	0.000000E+0
1.219466E+3	9.753100E-8	1.370000E+4	0.000000E+0	0.000000E+0
1.223469E+3	9.752400E-8	1.369980E+4	0.000000E+0	0.000000E+0
1.227465E+3	9.767400E-8	1.369940E+4	0.000000E+0	0.000000E+0
1.231472E+3	9.753000E-8	1.369880E+4	0.000000E+0	0.000000E+0
1.235467E+3	9.752800E-8	1.369840E+4	0.000000E+0	0.000000E+0
1.239465E+3	9.752900E-8	1.369840E+4	0.000000E+0	0.000000E+0
1.243465E+3	9.752900E-8	1.369830E+4	0.000000E+0	0.000000E+0
1.247470E+3	9.757100E-8	1.369790E+4	0.000000E+0	0.000000E+0
1.251465E+3	9.755600E-8	1.369740E+4	0.000000E+0	0.000000E+0
1.255470E+3	9.755000E-8	1.369710E+4	0.000000E+0	0.000000E+0
1.259465E+3	9.754800E-8	1.369670E+4	0.000000E+0	0.000000E+0
1.263474E+3	9.765200E-8	1.369610E+4	0.000000E+0	0.000000E+0
1.267466E+3	9.756600E-8	1.369590E+4	0.000000E+0	0.000000E+0
1.271466E+3	9.750800E-8	1.369560E+4	0.000000E+0	0.000000E+0
1.275463E+3	9.745300E-8	1.369520E+4	0.000000E+0	0.000000E+0
1.279476E+3	9.746900E-8	1.369490E+4	0.000000E+0	0.000000E+0
1.283469E+3	9.747200E-8	1.369450E+4	0.000000E+0	0.000000E+0
1.287467E+3	9.751400E-8	1.369430E+4	0.000000E+0	0.000000E+0
1.291467E+3	9.748100E-8	1.369410E+4	0.000000E+0	0.000000E+0
1.295467E+3	9.748700E-8	1.369410E+4	0.000000E+0	0.000000E+0
1.299464E+3	9.761700E-8	1.369410E+4	0.000000E+0	0.000000E+0
1.303465E+3	9.748500E-8	1.369380E+4	0.000000E+0	0.000000E+0
1.307466E+3	9.752900E-8	1.369370E+4	0.000000E+0	0.000000E+0
1.311469E+3	9.753600E-8	1.369360E+4	0.000000E+0	0.000000E+0
1.315465E+3	9.752700E-8	1.369340E+4	0.000000E+0	0.000000E+0
1.319464E+3	9.751100E-8	1.369320E+4	0.000000E+0	0.000000E+0
1.323462E+3	9.752000E-8	1.369300E+4	0.000000E+0	0.000000E+0
1.327464E+3	9.750600E-8	1.369270E+4	0.000000E+0	0.000000E+0
1.331465E+3	9.746900E-8	1.369220E+4	0.000000E+0	0.000000E+0
1.335465E+3	9.763800E-8	1.369180E+4	0.000000E+0	0.000000E+0
1.339466E+3	9.748800E-8	1.369130E+4	0.000000E+0	0.000000E+0
1.343466E+3	9.753400E-8	1.369100E+4	0.000000E+0	0.000000E+0
1.347466E+3	9.751400E-8	1.369080E+4	0.000000E+0	0.000000E+0
1.351466E+3	9.749300E-8	1.369050E+4	0.000000E+0	0.000000E+0
1.355466E+3	9.748400E-8	1.369010E+4	0.000000E+0	0.000000E+0
1.359472E+3	9.749500E-8	1.368950E+4	0.000000E+0	0.000000E+0
1.363463E+3	9.751200E-8	1.368890E+4	0.000000E+0	0.000000E+0
1.367464E+3	9.750100E-8	1.368830E+4	0.000000E+0	0.000000E+0
1.371466E+3	9.761200E-8	1.368820E+4	0.000000E+0	0.000000E+0
1.375469E+3	9.750600E-8	1.368780E+4	0.000000E+0	0.000000E+0
1.379464E+3	9.752800E-8	1.368730E+4	0.000000E+0	0.000000E+0
1.383464E+3	9.750200E-8	1.368670E+4	0.000000E+0	0.000000E+0
1.387462E+3	9.751000E-8	1.368630E+4	0.000000E+0	0.000000E+0
1.391470E+3	9.753800E-8	1.368620E+4	0.000000E+0	0.000000E+0
1.395470E+3	9.751300E-8	1.368630E+4	0.000000E+0	0.000000E+0
1.399467E+3	9.753300E-8	1.368600E+4	0.000000E+0	0.000000E+0
1.403463E+3	9.750100E-8	1.368570E+4	0.000000E+0	0.000000E+0
1.407468E+3	9.763700E-8	1.368530E+4	0.000000E+0	0.000000E+0
1.411464E+3	9.751700E-8	1.368500E+4	0.000000E+0	0.000000E+0
1.415470E+3	9.752200E-8	1.368490E+4	0.000000E+0	0.000000E+0
1.419465E+3	9.752700E-8	1.368440E+4	0.000000E+0	0.000000E+0
1.423468E+3	9.749600E-8	1.368390E+4	0.000000E+0	0.000000E+0
1.427469E+3	9.753700E-8	1.368360E+4	0.000000E+0	0.000000E+0
1.431468E+3	9.754000E-8	1.368310E+4	0.000000E+0	0.000000E+0
1.435468E+3	9.750100E-8	1.368290E+4	0.000000E+0	0.000000E+0
1.439467E+3	9.745900E-8	1.368270E+4	0.000000E+0	0.000000E+0
1.443467E+3	9.768400E-8	1.368250E+4	0.000000E+0	0.000000E+0
1.447469E+3	9.755000E-8	1.368220E+4	0.000000E+0	0.000000E+0
1.451464E+3	9.753400E-8	1.368190E+4	0.000000E+0	0.000000E+0
1.455466E+3	9.753300E-8	1.368150E+4	0.000000E+0	0.000000E+0
1.459461E+3	9.754700E-8	1.368080E+4	0.000000E+0	0.000000E+0
1.463472E+3	9.758700E-8	1.368040E+4	0.000000E+0	0.000000E+0
1.467467E+3	9.762100E-8	1.368010E+4	0.000000E+0	0.000000E+0
1.471470E+3	9.763900E-8	1.367980E+4	0.000000E+0	0.000000E+0
1.475468E+3	9.763300E-8	1.367940E+4	0.000000E+0	0.000000E+0
1.479467E+3	9.777600E-8	1.367940E+4	0.000000E+0	0.000000E+0
1.483465E+3	9.765100E-8	1.367920E+4	0.000000E+0	0.000000E+0
1.487472E+3	9.766600E-8	1.367870E+4	0.000000E+0	0.000000E+0
1.491468E+3	9.762500E-8	1.367830E+4	0.000000E+0	0.000000E+0
1.495471E+3	9.761200E-8	1.367780E+4	0.000000E+0	0.000000E+0
1.499466E+3	9.758500E-8	1.367730E+4	0.000000E+0	0.000000E+0
1.503474E+3	9.767300E-8	1.367670E+4	0.000000E+0	0.000000E+0
1.507476E+3	9.776100E-8	1.367630E+4	0.000000E+0	0.000000E+0
1.511446E+3	9.766100E-8	1.367600E+4	0.000000E+0	0.000000E+0
1.515484E+3	9.778500E-8	1.367570E+4	0.000000E+0	0.000000E+0
1.519463E+3	9.767800E-8	1.367540E+4	0.000000E+0	0.000000E+0
1.523467E+3	9.765500E-8	1.367500E+4	0.000000E+0	0.000000E+0
1.527463E+3	9.767400E-8	1.367460E+4	0.000000E+0	0.000000E+0
1.531469E+3	9.769100E-8	1.367440E+4	0.000000E+0	0.000000E+0
1.535467E+3	9.770000E-8	1.367400E+4	0.000000E+0	0.000000E+0
1.539469E+3	9.770900E-8	1.367370E+4	0.000000E+0	0.000000E+0
1.543469E+3	9.770500E-8	1.367370E+4	0.000000E+0	0.000000E+0
1.547467E+3	9.769500E-8	1.367380E+4	0.000000E+0	0.000000E+0
1.551464E+3	9.783700E-8	1.367370E+4	0.000000E+0	0.000000E+0
1.555473E+3	9.768600E-8	1.367350E+4	0.000000E+0	0.000000E+0
1.559468E+3	9.771100E-8	1.367340E+4	0.000000E+0	0.000000E+0
1.563467E+3	9.771500E-8	1.367310E+4	0.000000E+0	0.000000E+0
1.567462E+3	9.770800E-8	1.367280E+4	0.000000E+0	0.000000E+0
1.571473E+3	9.769700E-8	1.367270E+4	0.000000E+0	0.000000E+0
1.575466E+3	9.769400E-8	1.367220E+4	0.000000E+0	0.000000E+0
1.579466E+3	9.771000E-8	1.367150E+4	0.000000E+0	0.000000E+0
1.583461E+3	9.770200E-8	1.367120E+4	0.000000E+0	0.000000E+0
1.587465E+3	9.786500E-8	1.367030E+4	0.000000E+0	0.000000E+0
1.591468E+3	9.769900E-8	1.366970E+4	0.000000E+0	0.000000E+0
1.595468E+3	9.771600E-8	1.366970E+4	0.000000E+0	0.000000E+0
1.599463E+3	9.769200E-8	1.366940E+4	0.000000E+0	0.000000E+0
1.603466E+3	9.769300E-8	1.366900E+4	0.000000E+0	0.000000E+0
1.607470E+3	9.768200E-8	1.366880E+4	0.000000E+0	0.000000E+0
1.611467E+3	9.767700E-8	1.366860E+4	0.000000E+0	0.000000E+0
1.615463E+3	9.771600E-8	1.366840E+4	0.000000E+0	0.000000E+0
1.619467E+3	9.771600E-8	1.366830E+4	0.000000E+0	0.000000E+0
1.623465E+3	9.785900E-8	1.366840E+4	0.000000E+0	0.000000E+0
1.627467E+3	9.769000E-8	1.366820E+4	0.000000E+0	0.000000E+0
1.631464E+3	9.772200E-8	1.366810E+4	0.000000E+0	0.000000E+0
1.635472E+3	9.772700E-8	1.366800E+4	0.000000E+0	0.000000E+0
1.639465E+3	9.771300E-8	1.366780E+4	0.000000E+0	0.000000E+0
1.643471E+3	9.772600E-8	1.366750E+4	0.000000E+0	0.000000E+0
1.647465E+3	9.772500E-8	1.366720E+4	0.000000E+0	0.000000E+0
1.651465E+3	9.771900E-8	1.366700E+4	0.000000E+0	0.000000E+0
1.655463E+3	9.771300E-8	1.366670E+4	0.000000E+0	0.000000E+0
1.659466E+3	9.788300E-8	1.366640E+4	0.000000E+0	0.000000E+0
1.663465E+3	9.770400E-8	1.366620E+4	0.000000E+0	0.000000E+0
1.667473E+3	9.770900E-8	1.366590E+4	0.000000E+0	0.000000E+0
1.671463E+3	9.772300E-8	1.366560E+4	0.000000E+0	0.000000E+0
1.675467E+3	9.771000E-8	1.366530E+4	0.000000E+0	0.000000E+0
1.679466E+3	9.773300E-8	1.366500E+4	0.000000E+0	0.000000E+0
1.683466E+3	9.769500E-8	1.366470E+4	0.000000E+0	0.000000E+0
1.687461E+3	9.770900E-8	1.366450E+4	0.000000E+0	0.000000E+0
1.691470E+3	9.770000E-8	1.366440E+4	0.000000E+0	0.000000E+0
1.695466E+3	9.790000E-8	1.366440E+4	0.000000E+0	0.000000E+0
1.699464E+3	9.773400E-8	1.366420E+4	0.000000E+0	0.000000E+0
1.703461E+3	9.773600E-8	1.366400E+4	0.000000E+0	0.000000E+0
1.707474E+3	9.773000E-8	1.366340E+4	0.000000E+0	0.000000E+0
1.711468E+3	9.773300E-8	1.366280E+4	0.000000E+0	0.000000E+0
1.715467E+3	9.773200E-8	1.366220E+4	0.000000E+0	0.000000E+0
1.719462E+3	9.771200E-8	1.366140E+4	0.000000E+0	0.000000E+0
1.723471E+3	9.774500E-8	1.366090E+4	0.000000E+0	0.000000E+0
1.727465E+3	9.772200E-8	1.366040E+4	0.000000E+0	0.000000E+0
1.731465E+3	9.785900E-8	1.366000E+4	0.000000E+0	0.000000E+0
1.735466E+3	9.774400E-8	1.365970E+4	0.000000E+0	0.000000E+0
1.739470E+3	9.773700E-8	1.365920E+4	0.000000E+0	0.000000E+0
1.743466E+3	9.775500E-8	1.365870E+4	0.000000E+0	0.000000E+0
1.747464E+3	9.773600E-8	1.365830E+4	0.000000E+0	0.000000E+0
1.751461E+3	9.773000E-8	1.365810E+4	0.000000E+0	0.000000E+0
1.755471E+3	9.776500E-8	1.365780E+4	0.000000E+0	0.000000E+0
1.759461E+3	9.773400E-8	1.365740E+4	0.000000E+0	0.000000E+0
1.763461E+3	9.776000E-8	1.365710E+4	0.000000E+0	0.000000E+0
1.767464E+3	9.789200E-8	1.365680E+4	0.000000E+0	0.000000E+0
1.771470E+3	9.777000E-8	1.365640E+4	0.000000E+0	0.000000E+0
1.775467E+3	9.775800E-8	1.365590E+4	0.000000E+0	0.000000E+0
1.779467E+3	9.768300E-8	1.365560E+4	0.000000E+0	0.000000E+0
1.783467E+3	9.777000E-8	1.365520E+4	0.000000E+0	0.000000E+0
1.787472E+3	9.773500E-8	1.365490E+4	0.000000E+0	0.000000E+0
1.791468E+3	9.774300E-8	1.365440E+4	0.000000E+0	0.000000E+0
1.795468E+3	9.777900E-8	1.365410E+4	0.000000E+0	0.000000E+0
1.799462E+3	9.778300E-8	1.365380E+4	0.000000E+0	0.000000E+0
1.803468E+3	9.794900E-8	1.365330E+4	0.000000E+0	0.000000E+0
1.807470E+3	9.782800E-8	1.365290E+4	0.000000E+0	0.000000E+0
1.811465E+3	9.778300E-8	1.365240E+4	0.000000E+0	0.000000E+0
1.815465E+3	9.775900E-8	1.365210E+4	0.000000E+0	0.000000E+0
1.819468E+3	9.776100E-8	1.365210E+4	0.000000E+0	0.000000E+0
1.823465E+3	9.779500E-8	1.365220E+4	0.000000E+0	0.000000E+0
1.827466E+3	9.776000E-8	1.365230E+4	0.000000E+0	0.000000E+0
1.831461E+3	9.779500E-8	1.365240E+4	0.000000E+0	0.000000E+0
1.835472E+3	9.776600E-8	1.365240E+4	0.000000E+0	0.000000E+0
1.839464E+3	9.793600E-8	1.365250E+4	0.000000E+0	0.000000E+0
1.843464E+3	9.780600E-8	1.365250E+4	0.000000E+0	0.000000E+0
1.847464E+3	9.777100E-8	1.365240E+4	0.000000E+0	0.000000E+0
1.851463E+3	9.777300E-8	1.365200E+4	0.000000E+0	0.000000E+0
1.855467E+3	9.776300E-8	1.365160E+4	0.000000E+0	0.000000E+0
1.859465E+3	9.777600E-8	1.365120E+4	0.000000E+0	0.000000E+0
1.863465E+3	9.779400E-8	1.365050E+4	0.000000E+0	0.000000E+0
1.867470E+3	9.778300E-8	1.365010E+4	0.000000E+0	0.000000E+0
1.871470E+3	9.780600E-8	1.364940E+4	0.000000E+0	0.000000E+0
1.875468E+3	9.794800E-8	1.364880E+4	0.000000E+0	0.000000E+0
1.879467E+3	9.782800E-8	1.364830E+4	0.000000E+0	0.000000E+0
1.883467E+3	9.779800E-8	1.364770E+4	0.000000E+0	0.000000E+0
1.887467E+3	9.777700E-8	1.364710E+4	0.000000E+0	0.000000E+0
1.891471E+3	9.776700E-8	1.364680E+4	0.000000E+0	0.000000E+0
1.895465E+3	9.780900E-8	1.364650E+4	0.000000E+0	0.000000E+0
1.899466E+3	9.781400E-8	1.364620E+4	0.000000E+0	0.000000E+0
1.903465E+3	9.780400E-8	1.364600E+4	0.000000E+0	0.000000E+0
1.907468E+3	9.780100E-8	1.364600E+4	0.000000E+0	0.000000E+0
1.911464E+3	9.795400E-8	1.364620E+4	0.000000E+0	0.000000E+0
1.915466E+3	9.779000E-8	1.364620E+4	0.000000E+0	0.000000E+0
1.919464E+3	9.776400E-8	1.364640E+4	0.000000E+0	0.000000E+0
1.923466E+3	9.776000E-8	1.364640E+4	0.000000E+0	0.000000E+0
1.927467E+3	9.782400E-8	1.364630E+4	0.000000E+0	0.000000E+0
1.931466E+3	9.779700E-8	1.364610E+4	0.000000E+0	0.000000E+0
1.935464E+3	9.777800E-8	1.364560E+4	0.000000E+0	0.000000E+0
1.939466E+3	9.779400E-8	1.364510E+4	0.000000E+0	0.000000E+0
1.943469E+3	9.780700E-8	1.364470E+4	0.000000E+0	0.000000E+0
1.947467E+3	9.794600E-8	1.364430E+4	0.000000E+0	0.000000E+0
1.951465E+3	9.780400E-8	1.364430E+4	0.000000E+0	0.000000E+0
1.955467E+3	9.779500E-8	1.364400E+4	0.000000E+0	0.000000E+0
1.959468E+3	9.779900E-8	1.364360E+4	0.000000E+0	0.000000E+0
1.963466E+3	9.781100E-8	1.364280E+4	0.000000E+0	0.000000E+0
1.967465E+3	9.778100E-8	1.364230E+4	0.000000E+0	0.000000E+0
1.971466E+3	9.780900E-8	1.364170E+4	0.000000E+0	0.000000E+0
1.975466E+3	9.780800E-8	1.364180E+4	0.000000E+0	0.000000E+0
1.979465E+3	9.782200E-8	1.364160E+4	0.000000E+0	0.000000E+0
1.983463E+3	9.795500E-8	1.364130E+4	0.000000E+0	0.000000E+0
1.987466E+3	9.778000E-8	1.364100E+4	0.000000E+0	0.000000E+0
1.991463E+3	9.780900E-8	1.364060E+4	0.000000E+0	0.000000E+0
1.995471E+3	9.780300E-8	1.364030E+4	0.000000E+0	0.000000E+0
1.999463E+3	9.780900E-8	1.364010E+4	0.000000E+0	0.000000E+0
2.003473E+3	9.782100E-8	1.363980E+4	0.000000E+0	0.000000E+0
2.007467E+3	9.781300E-8	1.363920E+4	0.000000E+0	0.000000E+0
2.011467E+3	9.781100E-8	1.363880E+4	0.000000E+0	0.000000E+0
2.015464E+3	9.781900E-8	1.363840E+4	0.000000E+0	0.000000E+0
2.019469E+3	9.797700E-8	1.363820E+4	0.000000E+0	0.000000E+0
2.023467E+3	9.783400E-8	1.363770E+4	0.000000E+0	0.000000E+0
2.027465E+3	9.782300E-8	1.363710E+4	0.000000E+0	0.000000E+0
2.031464E+3	9.778200E-8	1.363690E+4	0.000000E+0	0.000000E+0
2.035467E+3	9.780800E-8	1.363700E+4	0.000000E+0	0.000000E+0
2.039465E+3	9.782600E-8	1.363710E+4	0.000000E+0	0.000000E+0
2.043470E+3	9.783500E-8	1.363710E+4	0.000000E+0	0.000000E+0
2.047463E+3	9.783300E-8	1.363720E+4	0.000000E+0	0.000000E+0
2.051475E+3	9.784300E-8	1.363700E+4	0.000000E+0	0.000000E+0
2.055466E+3	9.797200E-8	1.363670E+4	0.000000E+0	0.000000E+0
2.059466E+3	9.784900E-8	1.363660E+4	0.000000E+0	0.000000E+0
2.063463E+3	9.783600E-8	1.363660E+4	0.000000E+0	0.000000E+0
2.067476E+3	9.782100E-8	1.363640E+4	0.000000E+0	0.000000E+0
2.071466E+3	9.782000E-8	1.363620E+4	0.000000E+0	0.000000E+0
2.075464E+3	9.783200E-8	1.363570E+4	0.000000E+0	0.000000E+0
2.079464E+3	9.783800E-8	1.363520E+4	0.000000E+0	0.000000E+0
2.083467E+3	9.782500E-8	1.363470E+4	0.000000E+0	0.000000E+0
2.087467E+3	9.784600E-8	1.363430E+4	0.000000E+0	0.000000E+0
2.091466E+3	9.800100E-8	1.363380E+4	0.000000E+0	0.000000E+0
2.095469E+3	9.783100E-8	1.363370E+4	0.000000E+0	0.000000E+0
2.099470E+3	9.785900E-8	1.363370E+4	0.000000E+0	0.000000E+0
2.103465E+3	9.785400E-8	1.363350E+4	0.000000E+0	0.000000E+0
2.107470E+3	9.791000E-8	1.363350E+4	0.000000E+0	0.000000E+0
2.111465E+3	9.784200E-8	1.363300E+4	0.000000E+0	0.000000E+0
2.115468E+3	9.786600E-8	1.363260E+4	0.000000E+0	0.000000E+0
2.119467E+3	9.784500E-8	1.363210E+4	0.000000E+0	0.000000E+0
2.123470E+3	9.785500E-8	1.363160E+4	0.000000E+0	0.000000E+0
2.127466E+3	9.801100E-8	1.363170E+4	0.000000E+0	0.000000E+0
2.131468E+3	9.787500E-8	1.363180E+4	0.000000E+0	0.000000E+0
2.135468E+3	9.784700E-8	1.363170E+4	0.000000E+0	0.000000E+0
2.139466E+3	9.785100E-8	1.363160E+4	0.000000E+0	0.000000E+0
2.143466E+3	9.784000E-8	1.363140E+4	0.000000E+0	0.000000E+0
2.147465E+3	9.785400E-8	1.363090E+4	0.000000E+0	0.000000E+0
2.151469E+3	9.783800E-8	1.363010E+4	0.000000E+0	0.000000E+0
2.155466E+3	9.785100E-8	1.362960E+4	0.000000E+0	0.000000E+0
2.159466E+3	9.784600E-8	1.362910E+4	0.000000E+0	0.000000E+0
2.163467E+3	9.804300E-8	1.362850E+4	0.000000E+0	0.000000E+0
2.167470E+3	9.785700E-8	1.362810E+4	0.000000E+0	0.000000E+0
2.171469E+3	9.784600E-8	1.362780E+4	0.000000E+0	0.000000E+0
2.175464E+3	9.785200E-8	1.362730E+4	0.000000E+0	0.000000E+0
2.179465E+3	9.786100E-8	1.362710E+4	0.000000E+0	0.000000E+0
2.183475E+3	9.787900E-8	1.362690E+4	0.000000E+0	0.000000E+0
2.187468E+3	9.783600E-8	1.362660E+4	0.000000E+0	0.000000E+0
2.191468E+3	9.785100E-8	1.362620E+4	0.000000E+0	0.000000E+0
2.195468E+3	9.785000E-8	1.362590E+4	0.000000E+0	0.000000E+0
2.199465E+3	9.806300E-8	1.362550E+4	0.000000E+0	0.000000E+0
2.203467E+3	9.787300E-8	1.362480E+4	0.000000E+0	0.000000E+0
2.207467E+3	9.787500E-8	1.362440E+4	0.000000E+0	0.000000E+0
2.211465E+3	9.785900E-8	1.362410E+4	0.000000E+0	0.000000E+0
2.215465E+3	9.787700E-8	1.362370E+4	0.000000E+0	0.000000E+0
2.219471E+3	9.786900E-8	1.362330E+4	0.000000E+0	0.000000E+0
2.223471E+3	9.788200E-8	1.362290E+4	0.000000E+0	0.000000E+0
2.227463E+3	9.791000E-8	1.362290E+4	0.000000E+0	0.000000E+0
2.231466E+3	9.787600E-8	1.362310E+4	0.000000E+0	0.000000E+0
2.235466E+3	9.807600E-8	1.362300E+4	0.000000E+0	0.000000E+0
2.239466E+3	9.790500E-8	1.362300E+4	0.000000E+0	0.000000E+0
2.243464E+3	9.788900E-8	1.362310E+4	0.000000E+0	0.000000E+0
2.247466E+3	9.787200E-8	1.362320E+4	0.000000E+0	0.000000E+0
2.251470E+3	9.789000E-8	1.362300E+4	0.000000E+0	0.000000E+0
2.255466E+3	9.787100E-8	1.362280E+4	0.000000E+0	0.000000E+0
2.259467E+3	9.789400E-8	1.362240E+4	0.000000E+0	0.000000E+0
2.263467E+3	9.787800E-8	1.362200E+4	0.000000E+0	0.000000E+0
2.267465E+3	9.787900E-8	1.362140E+4	0.000000E+0	0.000000E+0
2.271470E+3	9.802900E-8	1.362070E+4	0.000000E+0	0.000000E+0
2.275470E+3	9.788400E-8	1.362000E+4	0.000000E+0	0.000000E+0
2.279470E+3	9.788600E-8	1.361960E+4	0.000000E+0	0.000000E+0
2.283465E+3	9.787200E-8	1.361930E+4	0.000000E+0	0.000000E+0
2.287468E+3	9.786700E-8	1.361930E+4	0.000000E+0	0.000000E+0
2.291471E+3	9.786700E-8	1.361880E+4	0.000000E+0	0.000000E+0
2.295468E+3	9.789000E-8	1.361880E+4	0.000000E+0	0.000000E+0
2.299466E+3	9.788700E-8	1.361850E+4	0.000000E+0	0.000000E+0
2.303468E+3	9.787700E-8	1.361810E+4	0.000000E+0	0.000000E+0
2.307472E+3	9.804900E-8	1.361800E+4	0.000000E+0	0.000000E+0
2.311464E+3	9.789200E-8	1.361790E+4	0.000000E+0	0.000000E+0
2.315471E+3	9.789300E-8	1.361790E+4	0.000000E+0	0.000000E+0
2.319469E+3	9.790600E-8	1.361810E+4	0.000000E+0	0.000000E+0
2.323469E+3	9.789200E-8	1.361810E+4	0.000000E+0	0.000000E+0
2.327464E+3	9.790700E-8	1.361810E+4	0.000000E+0	0.000000E+0
2.331465E+3	9.790200E-8	1.361820E+4	0.000000E+0	0.000000E+0
2.335467E+3	9.788700E-8	1.361820E+4	0.000000E+0	0.000000E+0
2.339467E+3	9.790900E-8	1.361800E+4	0.000000E+0	0.000000E+0
2.343465E+3	9.812000E-8	1.361780E+4	0.000000E+0	0.000000E+0
2.347467E+3	9.788700E-8	1.361760E+4	0.000000E+0	0.000000E+0
2.351467E+3	9.787700E-8	1.361740E+4	0.000000E+0	0.000000E+0
2.355467E+3	9.790200E-8	1.361700E+4	0.000000E+0	0.000000E+0
2.359463E+3	9.790600E-8	1.361680E+4	0.000000E+0	0.000000E+0
2.363466E+3	9.790100E-8	1.361630E+4	0.000000E+0	0.000000E+0
2.367471E+3	9.790800E-8	1.361590E+4	0.000000E+0	0.000000E+0
2.371468E+3	9.790900E-8	1.361540E+4	0.000000E+0	0.000000E+0
2.375464E+3	9.790500E-8	1.361490E+4	0.000000E+0	0.000000E+0
2.379469E+3	9.809900E-8	1.361430E+4	0.000000E+0	0.000000E+0
2.383463E+3	9.789400E-8	1.361370E+4	0.000000E+0	0.000000E+0
2.387471E+3	9.792400E-8	1.361300E+4	0.000000E+0	0.000000E+0
2.391463E+3	9.794400E-8	1.361250E+4	0.000000E+0	0.000000E+0
2.395470E+3	9.791700E-8	1.361220E+4	0.000000E+0	0.000000E+0
2.399469E+3	9.791500E-8	1.361170E+4	0.000000E+0	0.000000E+0
2.403467E+3	9.792000E-8	1.361160E+4	0.000000E+0	0.000000E+0
2.407466E+3	9.802000E-8	1.361080E+4	0.000000E+0	0.000000E+0
2.411468E+3	9.791000E-8	1.361040E+4	0.000000E+0	0.000000E+0
2.415469E+3	9.809100E-8	1.360980E+4	0.000000E+0	0.000000E+0
2.419467E+3	9.793000E-8	1.360960E+4	0.000000E+0	0.000000E+0
2.423467E+3	9.794400E-8	1.360950E+4	0.000000E+0	0.000000E+0
2.427467E+3	9.795100E-8	1.360970E+4	0.000000E+0	0.000000E+0
2.431468E+3	9.793700E-8	1.360990E+4	0.000000E+0	0.000000E+0
2.435468E+3	9.794300E-8	1.361020E+4	0.000000E+0	0.000000E+0
2.439470E+3	9.794400E-8	1.361030E+4	0.000000E+0	0.000000E+0
2.443473E+3	9.794600E-8	1.361030E+4	0.000000E+0	0.000000E+0
2.447466E+3	9.794700E-8	1.361030E+4	0.000000E+0	0.000000E+0
2.451473E+3	9.808300E-8	1.361000E+4	0.000000E+0	0.000000E+0
2.455466E+3	9.790700E-8	1.360980E+4	0.000000E+0	0.000000E+0
2.459471E+3	9.794000E-8	1.360950E+4	0.000000E+0	0.000000E+0
2.463471E+3	9.795400E-8	1.360920E+4	0.000000E+0	0.000000E+0
2.467469E+3	9.791300E-8	1.360920E+4	0.000000E+0	0.000000E+0
2.471466E+3	9.794700E-8	1.360870E+4	0.000000E+0	0.000000E+0
2.475469E+3	9.794100E-8	1.360840E+4	0.000000E+0	0.000000E+0
2.479471E+3	9.795500E-8	1.360790E+4	0.000000E+0	0.000000E+0
2.483471E+3	9.794100E-8	1.360730E+4	0.000000E+0	0.000000E+0
2.487469E+3	9.812600E-8	1.360680E+4	0.000000E+0	0.000000E+0
2.491468E+3	9.794300E-8	1.360620E+4	0.000000E+0	0.000000E+0
2.495469E+3	9.794300E-8	1.360560E+4	0.000000E+0	0.000000E+0
2.499467E+3	9.797700E-8	1.360500E+4	0.000000E+0	0.000000E+0
2.503465E+3	9.795400E-8	1.360460E+4	0.000000E+0	0.000000E+0
2.507470E+3	9.794600E-8	1.360410E+4	0.000000E+0	0.000000E+0
2.511468E+3	9.797200E-8	1.360400E+4	0.000000E+0	0.000000E+0
2.515470E+3	9.796300E-8	1.360420E+4	0.000000E+0	0.000000E+0
2.519467E+3	9.797900E-8	1.360420E+4	0.000000E+0	0.000000E+0
2.523468E+3	9.815100E-8	1.360420E+4	0.000000E+0	0.000000E+0
2.527463E+3	9.791000E-8	1.360400E+4	0.000000E+0	0.000000E+0
2.531498E+3	9.830200E-8	1.360220E+4	0.000000E+0	0.000000E+0
2.535462E+3	9.810000E-8	1.360100E+4	0.000000E+0	0.000000E+0
2.539464E+3	9.792400E-8	1.360060E+4	0.000000E+0	0.000000E+0
2.543466E+3	9.794500E-8	1.360010E+4	0.000000E+0	0.000000E+0
2.547463E+3	9.800000E-8	1.359980E+4	0.000000E+0	0.000000E+0
2.551468E+3	9.800700E-8	1.359920E+4	0.000000E+0	0.000000E+0
2.555464E+3	9.796100E-8	1.359860E+4	0.000000E+0	0.000000E+0
2.559467E+3	9.817300E-8	1.359820E+4	0.000000E+0	0.000000E+0
2.563471E+3	9.798200E-8	1.359800E+4	0.000000E+0	0.000000E+0
2.567469E+3	9.822900E-8	1.359780E+4	0.000000E+0	0.000000E+0
2.571453E+3	9.805400E-8	1.359760E+4	0.000000E+0	0.000000E+0
2.575519E+3	9.806000E-8	1.359730E+4	0.000000E+0	0.000000E+0
2.579469E+3	9.802000E-8	1.359700E+4	0.000000E+0	0.000000E+0
2.583453E+3	9.790900E-8	1.359680E+4	0.000000E+0	0.000000E+0
2.587471E+3	9.799100E-8	1.359650E+4	0.000000E+0	0.000000E+0
2.591468E+3	9.801500E-8	1.359640E+4	0.000000E+0	0.000000E+0
2.595463E+3	9.815600E-8	1.359640E+4	0.000000E+0	0.000000E+0
2.599465E+3	9.800500E-8	1.359640E+4	0.000000E+0	0.000000E+0
2.603463E+3	9.793200E-8	1.359650E+4	0.000000E+0	0.000000E+0
2.607467E+3	9.801200E-8	1.359640E+4	0.000000E+0	0.000000E+0
2.611463E+3	9.794400E-8	1.359610E+4	0.000000E+0	0.000000E+0
2.615468E+3	9.798400E-8	1.359590E+4	0.000000E+0	0.000000E+0
2.619452E+3	9.797900E-8	1.359560E+4	0.000000E+0	0.000000E+0
2.623484E+3	9.796400E-8	1.359570E+4	0.000000E+0	0.000000E+0
2.627448E+3	9.799000E-8	1.359570E+4	0.000000E+0	0.000000E+0
2.631484E+3	9.814800E-8	1.359540E+4	0.000000E+0	0.000000E+0
2.635464E+3	9.800200E-8	1.359470E+4	0.000000E+0	0.000000E+0
2.639467E+3	9.796500E-8	1.359400E+4	0.000000E+0	0.000000E+0
2.643469E+3	9.803500E-8	1.359350E+4	0.000000E+0	0.000000E+0
2.647467E+3	9.803000E-8	1.359310E+4	0.000000E+0	0.000000E+0
2.651467E+3	9.798900E-8	1.359270E+4	0.000000E+0	0.000000E+0
2.655469E+3	9.799300E-8	1.359220E+4	0.000000E+0	0.000000E+0
2.659470E+3	9.796600E-8	1.359170E+4	0.000000E+0	0.000000E+0
2.663467E+3	9.798200E-8	1.359120E+4	0.000000E+0	0.000000E+0
2.667464E+3	9.819200E-8	1.359070E+4	0.000000E+0	0.000000E+0
2.671468E+3	9.801700E-8	1.359030E+4	0.000000E+0	0.000000E+0
2.675465E+3	9.800600E-8	1.358980E+4	0.000000E+0	0.000000E+0
2.679474E+3	9.803400E-8	1.358960E+4	0.000000E+0	0.000000E+0
2.683460E+3	9.799400E-8	1.358910E+4	0.000000E+0	0.000000E+0
2.687465E+3	9.799400E-8	1.358870E+4	0.000000E+0	0.000000E+0
2.691466E+3	9.800000E-8	1.358840E+4	0.000000E+0	0.000000E+0
2.695472E+3	9.797800E-8	1.358840E+4	0.000000E+0	0.000000E+0
2.699470E+3	9.800100E-8	1.358880E+4	0.000000E+0	0.000000E+0
2.703466E+3	9.822000E-8	1.358880E+4	0.000000E+0	0.000000E+0
2.707465E+3	9.842000E-8	1.358850E+4	0.000000E+0	0.000000E+0
2.711468E+3	9.799200E-8	1.358810E+4	0.000000E+0	0.000000E+0
2.715471E+3	9.800700E-8	1.358780E+4	0.000000E+0	0.000000E+0
2.719472E+3	9.801400E-8	1.358770E+4	0.000000E+0	0.000000E+0
2.723472E+3	9.798400E-8	1.358760E+4	0.000000E+0	0.000000E+0
2.727471E+3	9.800300E-8	1.358750E+4	0.000000E+0	0.000000E+0
2.731469E+3	9.801600E-8	1.358760E+4	0.000000E+0	0.000000E+0
2.735467E+3	9.801300E-8	1.358750E+4	0.000000E+0	0.000000E+0
2.739469E+3	9.819100E-8	1.358720E+4	0.000000E+0	0.000000E+0
2.743472E+3	9.798600E-8	1.358690E+4	0.000000E+0	0.000000E+0
2.747467E+3	9.801700E-8	1.358660E+4	0.000000E+0	0.000000E+0
2.751465E+3	9.802600E-8	1.358590E+4	0.000000E+0	0.000000E+0
2.755467E+3	9.801800E-8	1.358550E+4	0.000000E+0	0.000000E+0
2.759468E+3	9.802800E-8	1.358540E+4	0.000000E+0	0.000000E+0
2.763473E+3	9.801700E-8	1.358500E+4	0.000000E+0	0.000000E+0
2.767468E+3	9.801800E-8	1.358530E+4	0.000000E+0	0.000000E+0
2.771468E+3	9.801400E-8	1.358550E+4	0.000000E+0	0.000000E+0
2.775473E+3	9.818200E-8	1.358580E+4	0.000000E+0	0.000000E+0
2.779468E+3	9.802600E-8	1.358580E+4	0.000000E+0	0.000000E+0
2.783470E+3	9.804000E-8	1.358570E+4	0.000000E+0	0.000000E+0
2.787465E+3	9.802300E-8	1.358510E+4	0.000000E+0	0.000000E+0
2.791469E+3	9.801400E-8	1.358440E+4	0.000000E+0	0.000000E+0
2.795468E+3	9.803000E-8	1.358410E+4	0.000000E+0	0.000000E+0
2.799469E+3	9.803000E-8	1.358400E+4	0.000000E+0	0.000000E+0
2.803471E+3	9.803800E-8	1.358390E+4	0.000000E+0	0.000000E+0
2.807470E+3	9.803300E-8	1.358360E+4	0.000000E+0	0.000000E+0
2.811467E+3	9.822000E-8	1.358350E+4	0.000000E+0	0.000000E+0
2.815467E+3	9.803900E-8	1.358330E+4	0.000000E+0	0.000000E+0
2.819465E+3	9.807000E-8	1.358330E+4	0.000000E+0	0.000000E+0
2.823470E+3	9.804600E-8	1.358320E+4	0.000000E+0	0.000000E+0
2.827470E+3	9.804600E-8	1.358310E+4	0.000000E+0	0.000000E+0
2.831473E+3	9.804900E-8	1.358310E+4	0.000000E+0	0.000000E+0
2.835467E+3	9.807000E-8	1.358290E+4	0.000000E+0	0.000000E+0
2.839468E+3	9.805100E-8	1.358270E+4	0.000000E+0	0.000000E+0
2.843463E+3	9.809300E-8	1.358240E+4	0.000000E+0	0.000000E+0
2.847468E+3	9.827400E-8	1.358190E+4	0.000000E+0	0.000000E+0
2.851468E+3	9.806500E-8	1.358120E+4	0.000000E+0	0.000000E+0
2.855470E+3	9.808200E-8	1.358070E+4	0.000000E+0	0.000000E+0
2.859466E+3	9.809400E-8	1.358010E+4	0.000000E+0	0.000000E+0
2.863469E+3	9.804900E-8	1.357970E+4	0.000000E+0	0.000000E+0
2.867468E+3	9.804900E-8	1.357890E+4	0.000000E+0	0.000000E+0
2.871469E+3	9.803800E-8	1.357850E+4	0.000000E+0	0.000000E+0
2.875466E+3	9.806400E-8	1.357790E+4	0.000000E+0	0.000000E+0
2.879472E+3	9.803000E-8	1.357720E+4	0.000000E+0	0.000000E+0
2.883466E+3	9.823900E-8	1.357640E+4	0.000000E+0	0.000000E+0
2.887470E+3	9.806100E-8	1.357520E+4	0.000000E+0	0.000000E+0
2.891467E+3	9.806400E-8	1.357450E+4	0.000000E+0	0.000000E+0
2.895467E+3	9.807700E-8	1.357390E+4	0.000000E+0	0.000000E+0
2.899467E+3	9.807700E-8	1.357380E+4	0.000000E+0	0.000000E+0
2.903467E+3	9.806400E-8	1.357400E+4	0.000000E+0	0.000000E+0
2.907469E+3	9.807800E-8	1.357410E+4	0.000000E+0	0.000000E+0
2.911473E+3	9.806800E-8	1.357380E+4	0.000000E+0	0.000000E+0
2.915468E+3	9.804400E-8	1.357350E+4	0.000000E+0	0.000000E+0
2.919468E+3	9.827400E-8	1.357310E+4	0.000000E+0	0.000000E+0
2.923468E+3	9.805500E-8	1.357290E+4	0.000000E+0	0.000000E+0
2.927468E+3	9.807700E-8	1.357250E+4	0.000000E+0	0.000000E+0
2.931471E+3	9.806700E-8	1.357220E+4	0.000000E+0	0.000000E+0
2.935471E+3	9.808100E-8	1.357200E+4	0.000000E+0	0.000000E+0
2.939470E+3	9.810600E-8	1.357200E+4	0.000000E+0	0.000000E+0
2.943465E+3	9.808800E-8	1.357190E+4	0.000000E+0	0.000000E+0
2.947468E+3	9.807700E-8	1.357150E+4	0.000000E+0	0.000000E+0
2.951473E+3	9.808100E-8	1.357140E+4	0.000000E+0	0.000000E+0
2.955468E+3	9.828700E-8	1.357120E+4	0.000000E+0	0.000000E+0
2.959468E+3	9.851100E-8	1.357100E+4	0.000000E+0	0.000000E+0
2.963466E+3	9.806800E-8	1.357110E+4	0.000000E+0	0.000000E+0
2.967469E+3	9.811800E-8	1.357140E+4	0.000000E+0	0.000000E+0
2.971467E+3	9.809400E-8	1.357160E+4	0.000000E+0	0.000000E+0
2.975467E+3	9.811100E-8	1.357130E+4	0.000000E+0	0.000000E+0
2.979469E+3	9.807400E-8	1.357090E+4	0.000000E+0	0.000000E+0
2.983469E+3	9.810200E-8	1.357110E+4	0.000000E+0	0.000000E+0
2.987465E+3	9.808000E-8	1.357100E+4	0.000000E+0	0.000000E+0
2.991469E+3	9.830000E-8	1.357090E+4	0.000000E+0	0.000000E+0
2.995493E+3	9.812700E-8	1.357050E+4	0.000000E+0	0.000000E+0
2.999468E+3	9.812300E-8	1.357020E+4	0.000000E+0	0.000000E+0
3.003465E+3	9.808300E-8	1.357030E+4	0.000000E+0	0.000000E+0
3.007470E+3	9.814000E-8	1.357020E+4	0.000000E+0	0.000000E+0
3.011463E+3	9.812200E-8	1.357020E+4	0.000000E+0	0.000000E+0
3.015465E+3	9.811200E-8	1.357010E+4	0.000000E+0	0.000000E+0
3.019466E+3	9.807300E-8	1.357010E+4	0.000000E+0	0.000000E+0
3.023465E+3	9.809900E-8	1.357000E+4	0.000000E+0	0.000000E+0
3.027461E+3	9.831800E-8	1.357030E+4	0.000000E+0	0.000000E+0
3.031477E+3	9.813000E-8	1.357010E+4	0.000000E+0	0.000000E+0
3.035469E+3	9.812000E-8	1.356970E+4	0.000000E+0	0.000000E+0
3.039468E+3	9.811600E-8	1.356950E+4	0.000000E+0	0.000000E+0
3.043466E+3	9.813100E-8	1.356900E+4	0.000000E+0	0.000000E+0
3.047469E+3	9.810300E-8	1.356850E+4	0.000000E+0	0.000000E+0
3.051469E+3	9.814300E-8	1.356760E+4	0.000000E+0	0.000000E+0
3.055469E+3	9.814800E-8	1.356680E+4	0.000000E+0	0.000000E+0
3.059467E+3	9.813800E-8	1.356640E+4	0.000000E+0	0.000000E+0
3.063467E+3	9.832200E-8	1.356590E+4	0.000000E+0	0.000000E+0
3.067462E+3	9.812400E-8	1.356560E+4	0.000000E+0	0.000000E+0
3.071472E+3	9.812300E-8	1.356500E+4	0.000000E+0	0.000000E+0
3.075468E+3	9.813700E-8	1.356450E+4	0.000000E+0	0.000000E+0
3.079467E+3	9.809400E-8	1.356410E+4	0.000000E+0	0.000000E+0
3.083464E+3	9.811600E-8	1.356440E+4	0.000000E+0	0.000000E+0
3.087467E+3	9.814000E-8	1.356460E+4	0.000000E+0	0.000000E+0
3.091470E+3	9.814200E-8	1.356460E+4	0.000000E+0	0.000000E+0
3.095466E+3	9.816400E-8	1.356460E+4	0.000000E+0	0.000000E+0
3.099466E+3	9.833700E-8	1.356460E+4	0.000000E+0	0.000000E+0
3.103471E+3	9.821800E-8	1.356450E+4	0.000000E+0	0.000000E+0
3.107461E+3	9.819800E-8	1.356440E+4	0.000000E+0	0.000000E+0
3.111471E+3	9.819900E-8	1.356380E+4	0.000000E+0	0.000000E+0
3.115469E+3	9.820400E-8	1.356320E+4	0.000000E+0	0.000000E+0
3.119469E+3	9.819300E-8	1.356280E+4	0.000000E+0	0.000000E+0
3.123464E+3	9.818800E-8	1.356210E+4	0.000000E+0	0.000000E+0
3.127469E+3	9.819200E-8	1.356150E+4	0.000000E+0	0.000000E+0
3.131466E+3	9.822500E-8	1.356110E+4	0.000000E+0	0.000000E+0
3.135466E+3	9.840600E-8	1.356080E+4	0.000000E+0	0.000000E+0
3.139462E+3	9.821200E-8	1.356000E+4	0.000000E+0	0.000000E+0
3.143467E+3	9.822000E-8	1.355940E+4	0.000000E+0	0.000000E+0
3.147473E+3	9.820300E-8	1.355890E+4	0.000000E+0	0.000000E+0
3.151472E+3	9.822100E-8	1.355860E+4	0.000000E+0	0.000000E+0
3.155464E+3	9.821900E-8	1.355800E+4	0.000000E+0	0.000000E+0
3.159470E+3	9.823600E-8	1.355780E+4	0.000000E+0	0.000000E+0
3.163465E+3	9.823700E-8	1.355750E+4	0.000000E+0	0.000000E+0
3.167464E+3	9.822600E-8	1.355720E+4	0.000000E+0	0.000000E+0
3.171468E+3	9.842600E-8	1.355700E+4	0.000000E+0	0.000000E+0
3.175471E+3	9.823400E-8	1.355690E+4	0.000000E+0	0.000000E+0
3.179468E+3	9.822700E-8	1.355640E+4	0.000000E+0	0.000000E+0
3.183468E+3	9.823400E-8	1.355630E+4	0.000000E+0	0.000000E+0
3.187465E+3	9.822000E-8	1.355590E+4	0.000000E+0	0.000000E+0
3.191464E+3	9.824700E-8	1.355540E+4	0.000000E+0	0.000000E+0
3.195463E+3	9.822100E-8	1.355510E+4	0.000000E+0	0.000000E+0
3.199463E+3	9.824400E-8	1.355450E+4	0.000000E+0	0.000000E+0
3.203466E+3	9.822100E-8	1.355430E+4	0.000000E+0	0.000000E+0
3.207473E+3	9.842500E-8	1.355410E+4	0.000000E+0	0.000000E+0
3.211466E+3	9.823700E-8	1.355330E+4	0.000000E+0	0.000000E+0
3.215466E+3	9.823000E-8	1.355270E+4	0.000000E+0	0.000000E+0
3.219466E+3	9.822500E-8	1.355260E+4	0.000000E+0	0.000000E+0
3.223472E+3	9.824500E-8	1.355270E+4	0.000000E+0	0.000000E+0
3.227467E+3	9.826500E-8	1.355290E+4	0.000000E+0	0.000000E+0
3.231467E+3	9.825800E-8	1.355300E+4	0.000000E+0	0.000000E+0
3.235467E+3	9.825300E-8	1.355330E+4	0.000000E+0	0.000000E+0
3.239472E+3	9.826600E-8	1.355360E+4	0.000000E+0	0.000000E+0
3.243462E+3	9.844800E-8	1.355390E+4	0.000000E+0	0.000000E+0
3.247468E+3	9.826200E-8	1.355410E+4	0.000000E+0	0.000000E+0
3.251465E+3	9.826500E-8	1.355450E+4	0.000000E+0	0.000000E+0
3.255464E+3	9.826100E-8	1.355480E+4	0.000000E+0	0.000000E+0
3.259465E+3	9.825400E-8	1.355480E+4	0.000000E+0	0.000000E+0
3.263465E+3	9.825000E-8	1.355460E+4	0.000000E+0	0.000000E+0
3.267462E+3	9.825500E-8	1.355470E+4	0.000000E+0	0.000000E+0
3.271468E+3	9.827100E-8	1.355460E+4	0.000000E+0	0.000000E+0
3.275466E+3	9.826100E-8	1.355430E+4	0.000000E+0	0.000000E+0
3.279466E+3	9.846100E-8	1.355370E+4	0.000000E+0	0.000000E+0
3.283463E+3	9.823600E-8	1.355320E+4	0.000000E+0	0.000000E+0
3.287477E+3	9.826800E-8	1.355250E+4	0.000000E+0	0.000000E+0
3.291461E+3	9.828600E-8	1.355160E+4	0.000000E+0	0.000000E+0
3.295474E+3	9.826300E-8	1.355100E+4	0.000000E+0	0.000000E+0
3.299466E+3	9.826100E-8	1.355030E+4	0.000000E+0	0.000000E+0
3.303470E+3	9.826300E-8	1.354960E+4	0.000000E+0	0.000000E+0
3.307470E+3	9.837700E-8	1.354880E+4	0.000000E+0	0.000000E+0
3.311470E+3	9.826500E-8	1.354860E+4	0.000000E+0	0.000000E+0
3.315469E+3	9.850000E-8	1.354800E+4	0.000000E+0	0.000000E+0
3.319470E+3	9.827000E-8	1.354750E+4	0.000000E+0	0.000000E+0
3.323465E+3	9.825500E-8	1.354730E+4	0.000000E+0	0.000000E+0
3.327467E+3	9.828600E-8	1.354670E+4	0.000000E+0	0.000000E+0
3.331470E+3	9.826700E-8	1.354650E+4	0.000000E+0	0.000000E+0
3.335467E+3	9.828400E-8	1.354640E+4	0.000000E+0	0.000000E+0
3.339463E+3	9.831000E-8	1.354620E+4	0.000000E+0	0.000000E+0
3.343466E+3	9.831000E-8	1.354600E+4	0.000000E+0	0.000000E+0
3.347471E+3	9.827500E-8	1.354570E+4	0.000000E+0	0.000000E+0
3.351466E+3	9.849400E-8	1.354540E+4	0.000000E+0	0.000000E+0
3.355460E+3	9.829100E-8	1.354490E+4	0.000000E+0	0.000000E+0
3.359471E+3	9.827300E-8	1.354440E+4	0.000000E+0	0.000000E+0
3.363461E+3	9.827200E-8	1.354390E+4	0.000000E+0	0.000000E+0
3.367473E+3	9.826300E-8	1.354380E+4	0.000000E+0	0.000000E+0
3.371466E+3	9.826900E-8	1.354390E+4	0.000000E+0	0.000000E+0
3.375464E+3	9.828900E-8	1.354410E+4	0.000000E+0	0.000000E+0
3.379467E+3	9.831300E-8	1.354390E+4	0.000000E+0	0.000000E+0
3.383469E+3	9.829700E-8	1.354360E+4	0.000000E+0	0.000000E+0
3.387472E+3	9.849800E-8	1.354330E+4	0.000000E+0	0.000000E+0
3.391470E+3	9.831200E-8	1.354320E+4	0.000000E+0	0.000000E+0
3.395467E+3	9.832600E-8	1.354310E+4	0.000000E+0	0.000000E+0
3.399470E+3	9.830800E-8	1.354300E+4	0.000000E+0	0.000000E+0
3.403465E+3	9.829100E-8	1.354330E+4	0.000000E+0	0.000000E+0
3.407465E+3	9.830500E-8	1.354360E+4	0.000000E+0	0.000000E+0
3.411465E+3	9.830400E-8	1.354370E+4	0.000000E+0	0.000000E+0
3.415470E+3	9.829800E-8	1.354340E+4	0.000000E+0	0.000000E+0
3.419468E+3	9.831100E-8	1.354270E+4	0.000000E+0	0.000000E+0
3.423467E+3	9.853700E-8	1.354230E+4	0.000000E+0	0.000000E+0
3.427463E+3	9.831700E-8	1.354240E+4	0.000000E+0	0.000000E+0
3.431466E+3	9.831900E-8	1.354240E+4	0.000000E+0	0.000000E+0
3.435463E+3	9.832300E-8	1.354210E+4	0.000000E+0	0.000000E+0
3.439471E+3	9.831400E-8	1.354210E+4	0.000000E+0	0.000000E+0
3.443466E+3	9.834700E-8	1.354230E+4	0.000000E+0	0.000000E+0
3.447469E+3	9.834500E-8	1.354240E+4	0.000000E+0	0.000000E+0
3.451466E+3	9.829500E-8	1.354240E+4	0.000000E+0	0.000000E+0
3.455469E+3	9.832400E-8	1.354220E+4	0.000000E+0	0.000000E+0
3.459466E+3	9.849800E-8	1.354220E+4	0.000000E+0	0.000000E+0
3.463472E+3	9.831000E-8	1.354230E+4	0.000000E+0	0.000000E+0
3.467466E+3	9.832800E-8	1.354210E+4	0.000000E+0	0.000000E+0
3.471464E+3	9.834300E-8	1.354190E+4	0.000000E+0	0.000000E+0
3.475464E+3	9.835900E-8	1.354180E+4	0.000000E+0	0.000000E+0
3.479470E+3	9.833100E-8	1.354120E+4	0.000000E+0	0.000000E+0
3.483465E+3	9.832800E-8	1.354040E+4	0.000000E+0	0.000000E+0
3.487465E+3	9.833200E-8	1.353980E+4	0.000000E+0	0.000000E+0
3.491467E+3	9.831500E-8	1.353900E+4	0.000000E+0	0.000000E+0
3.495470E+3	9.853700E-8	1.353870E+4	0.000000E+0	0.000000E+0
3.499467E+3	9.833100E-8	1.353810E+4	0.000000E+0	0.000000E+0
3.503472E+3	9.833900E-8	1.353790E+4	0.000000E+0	0.000000E+0
3.507468E+3	9.833700E-8	1.353800E+4	0.000000E+0	0.000000E+0
3.511468E+3	9.833800E-8	1.353840E+4	0.000000E+0	0.000000E+0
3.515465E+3	9.833300E-8	1.353850E+4	0.000000E+0	0.000000E+0
3.519468E+3	9.832800E-8	1.353830E+4	0.000000E+0	0.000000E+0
3.523465E+3	9.834500E-8	1.353790E+4	0.000000E+0	0.000000E+0
3.527467E+3	9.832800E-8	1.353730E+4	0.000000E+0	0.000000E+0
3.531468E+3	9.856300E-8	1.353650E+4	0.000000E+0	0.000000E+0
3.535468E+3	9.836300E-8	1.353560E+4	0.000000E+0	0.000000E+0
3.539464E+3	9.835800E-8	1.353480E+4	0.000000E+0	0.000000E+0
3.543471E+3	9.833500E-8	1.353440E+4	0.000000E+0	0.000000E+0
3.547466E+3	9.837100E-8	1.353410E+4	0.000000E+0	0.000000E+0
3.551470E+3	9.835500E-8	1.353350E+4	0.000000E+0	0.000000E+0
3.555466E+3	9.834500E-8	1.353320E+4	0.000000E+0	0.000000E+0
3.559469E+3	9.835700E-8	1.353380E+4	0.000000E+0	0.000000E+0
3.563464E+3	9.834800E-8	1.353410E+4	0.000000E+0	0.000000E+0
3.567467E+3	9.855400E-8	1.353410E+4	0.000000E+0	0.000000E+0
3.571467E+3	9.834000E-8	1.353390E+4	0.000000E+0	0.000000E+0
3.575476E+3	9.837000E-8	1.353360E+4	0.000000E+0	0.000000E+0
3.579467E+3	9.835000E-8	1.353380E+4	0.000000E+0	0.000000E+0
3.583470E+3	9.835100E-8	1.353290E+4	0.000000E+0	0.000000E+0
3.587465E+3	9.832400E-8	1.353250E+4	0.000000E+0	0.000000E+0
3.591468E+3	9.836000E-8	1.353180E+4	0.000000E+0	0.000000E+0
3.595468E+3	9.836300E-8	1.353130E+4	0.000000E+0	0.000000E+0
3.599470E+3	9.834800E-8	1.353050E+4	0.000000E+0	0.000000E+0
3.603463E+3	9.857800E-8	1.352990E+4	0.000000E+0	0.000000E+0
3.607471E+3	9.834800E-8	1.352970E+4	0.000000E+0	0.000000E+0
3.611463E+3	9.835200E-8	1.352910E+4	0.000000E+0	0.000000E+0
3.615472E+3	9.836900E-8	1.352870E+4	0.000000E+0	0.000000E+0
3.619463E+3	9.837000E-8	1.352850E+4	0.000000E+0	0.000000E+0
3.623467E+3	9.836300E-8	1.352830E+4	0.000000E+0	0.000000E+0
3.627464E+3	9.835900E-8	1.352820E+4	0.000000E+0	0.000000E+0
3.631471E+3	9.836500E-8	1.352830E+4	0.000000E+0	0.000000E+0
3.635466E+3	9.836400E-8	1.352840E+4	0.000000E+0	0.000000E+0
3.639470E+3	9.857200E-8	1.352860E+4	0.000000E+0	0.000000E+0
3.643467E+3	9.836800E-8	1.352880E+4	0.000000E+0	0.000000E+0
3.647465E+3	9.835100E-8	1.352890E+4	0.000000E+0	0.000000E+0
3.651462E+3	9.835500E-8	1.352870E+4	0.000000E+0	0.000000E+0
3.655466E+3	9.835300E-8	1.352840E+4	0.000000E+0	0.000000E+0
3.659467E+3	9.838800E-8	1.352820E+4	0.000000E+0	0.000000E+0
3.663467E+3	9.837600E-8	1.352770E+4	0.000000E+0	0.000000E+0
3.667467E+3	9.839500E-8	1.352720E+4	0.000000E+0	0.000000E+0
3.671470E+3	9.838800E-8	1.352710E+4	0.000000E+0	0.000000E+0
3.675468E+3	9.857500E-8	1.352680E+4	0.000000E+0	0.000000E+0
3.679468E+3	9.840000E-8	1.352660E+4	0.000000E+0	0.000000E+0
3.683465E+3	9.839200E-8	1.352650E+4	0.000000E+0	0.000000E+0
3.687471E+3	9.838300E-8	1.352580E+4	0.000000E+0	0.000000E+0
3.691465E+3	9.837800E-8	1.352540E+4	0.000000E+0	0.000000E+0
3.695469E+3	9.839300E-8	1.352550E+4	0.000000E+0	0.000000E+0
3.699460E+3	9.839000E-8	1.352540E+4	0.000000E+0	0.000000E+0
3.703472E+3	9.838300E-8	1.352550E+4	0.000000E+0	0.000000E+0
3.707464E+3	9.836700E-8	1.352570E+4	0.000000E+0	0.000000E+0
3.711469E+3	9.853900E-8	1.352600E+4	0.000000E+0	0.000000E+0
3.715464E+3	9.838500E-8	1.352600E+4	0.000000E+0	0.000000E+0
3.719472E+3	9.841900E-8	1.352560E+4	0.000000E+0	0.000000E+0
3.723461E+3	9.837600E-8	1.352510E+4	0.000000E+0	0.000000E+0
3.727470E+3	9.841700E-8	1.352480E+4	0.000000E+0	0.000000E+0
3.731465E+3	9.838800E-8	1.352420E+4	0.000000E+0	0.000000E+0
3.735473E+3	9.837900E-8	1.352350E+4	0.000000E+0	0.000000E+0
3.739468E+3	9.839800E-8	1.352310E+4	0.000000E+0	0.000000E+0
3.743468E+3	9.840900E-8	1.352280E+4	0.000000E+0	0.000000E+0
3.747468E+3	9.856700E-8	1.352250E+4	0.000000E+0	0.000000E+0
3.751473E+3	9.839700E-8	1.352220E+4	0.000000E+0	0.000000E+0
3.755468E+3	9.840100E-8	1.352220E+4	0.000000E+0	0.000000E+0
3.759468E+3	9.841100E-8	1.352220E+4	0.000000E+0	0.000000E+0
3.763463E+3	9.839700E-8	1.352230E+4	0.000000E+0	0.000000E+0
3.767467E+3	9.842000E-8	1.352240E+4	0.000000E+0	0.000000E+0
3.771471E+3	9.837300E-8	1.352230E+4	0.000000E+0	0.000000E+0
3.775468E+3	9.841700E-8	1.352190E+4	0.000000E+0	0.000000E+0
3.779468E+3	9.839200E-8	1.352160E+4	0.000000E+0	0.000000E+0
3.783466E+3	9.856900E-8	1.352120E+4	0.000000E+0	0.000000E+0
3.787471E+3	9.839400E-8	1.352100E+4	0.000000E+0	0.000000E+0
3.791469E+3	9.838700E-8	1.352120E+4	0.000000E+0	0.000000E+0
3.795466E+3	9.836700E-8	1.352140E+4	0.000000E+0	0.000000E+0
3.799467E+3	9.839400E-8	1.352140E+4	0.000000E+0	0.000000E+0
3.803470E+3	9.836500E-8	1.352130E+4	0.000000E+0	0.000000E+0
3.807467E+3	9.838100E-8	1.352110E+4	0.000000E+0	0.000000E+0
3.811467E+3	9.837900E-8	1.352080E+4	0.000000E+0	0.000000E+0
3.815470E+3	9.836500E-8	1.352030E+4	0.000000E+0	0.000000E+0
3.819472E+3	9.852800E-8	1.351940E+4	0.000000E+0	0.000000E+0
3.823470E+3	9.836000E-8	1.351880E+4	0.000000E+0	0.000000E+0
3.827465E+3	9.836900E-8	1.351830E+4	0.000000E+0	0.000000E+0
3.831468E+3	9.838800E-8	1.351770E+4	0.000000E+0	0.000000E+0
3.835467E+3	9.836500E-8	1.351740E+4	0.000000E+0	0.000000E+0
3.839465E+3	9.839100E-8	1.351760E+4	0.000000E+0	0.000000E+0
3.843463E+3	9.839800E-8	1.351780E+4	0.000000E+0	0.000000E+0
3.847471E+3	9.838800E-8	1.351760E+4	0.000000E+0	0.000000E+0
3.851465E+3	9.839700E-8	1.351710E+4	0.000000E+0	0.000000E+0
3.855463E+3	9.858700E-8	1.351690E+4	0.000000E+0	0.000000E+0
3.859468E+3	9.837600E-8	1.351660E+4	0.000000E+0	0.000000E+0
3.863475E+3	9.841000E-8	1.351620E+4	0.000000E+0	0.000000E+0
3.867469E+3	9.839100E-8	1.351570E+4	0.000000E+0	0.000000E+0
3.871469E+3	9.840700E-8	1.351520E+4	0.000000E+0	0.000000E+0
3.875466E+3	9.840300E-8	1.351470E+4	0.000000E+0	0.000000E+0
3.879469E+3	9.840900E-8	1.351450E+4	0.000000E+0	0.000000E+0
3.883469E+3	9.839500E-8	1.351430E+4	0.000000E+0	0.000000E+0
3.887467E+3	9.838300E-8	1.351450E+4	0.000000E+0	0.000000E+0
3.891467E+3	9.854700E-8	1.351460E+4	0.000000E+0	0.000000E+0
3.895471E+3	9.839500E-8	1.351430E+4	0.000000E+0	0.000000E+0
3.899469E+3	9.841100E-8	1.351370E+4	0.000000E+0	0.000000E+0
3.903467E+3	9.840300E-8	1.351340E+4	0.000000E+0	0.000000E+0
3.907465E+3	9.840700E-8	1.351340E+4	0.000000E+0	0.000000E+0
3.911468E+3	9.843500E-8	1.351350E+4	0.000000E+0	0.000000E+0
3.915467E+3	9.841300E-8	1.351380E+4	0.000000E+0	0.000000E+0
3.919467E+3	9.843300E-8	1.351380E+4	0.000000E+0	0.000000E+0
3.923463E+3	9.843500E-8	1.351420E+4	0.000000E+0	0.000000E+0
3.927474E+3	9.858100E-8	1.351420E+4	0.000000E+0	0.000000E+0
3.931468E+3	9.842400E-8	1.351360E+4	0.000000E+0	0.000000E+0
3.935470E+3	9.844800E-8	1.351310E+4	0.000000E+0	0.000000E+0
3.939465E+3	9.841600E-8	1.351260E+4	0.000000E+0	0.000000E+0
3.943469E+3	9.844800E-8	1.351210E+4	0.000000E+0	0.000000E+0
3.947469E+3	9.843700E-8	1.351180E+4	0.000000E+0	0.000000E+0
3.951468E+3	9.842800E-8	1.351130E+4	0.000000E+0	0.000000E+0
3.955464E+3	9.843500E-8	1.351080E+4	0.000000E+0	0.000000E+0
3.959466E+3	9.842500E-8	1.351030E+4	0.000000E+0	0.000000E+0
3.963467E+3	9.862200E-8	1.350960E+4	0.000000E+0	0.000000E+0
3.967466E+3	9.843700E-8	1.350900E+4	0.000000E+0	0.000000E+0
3.971466E+3	9.842900E-8	1.350850E+4	0.000000E+0	0.000000E+0
3.975466E+3	9.843400E-8	1.350810E+4	0.000000E+0	0.000000E+0
3.979464E+3	9.841700E-8	1.350760E+4	0.000000E+0	0.000000E+0
3.983470E+3	9.840800E-8	1.350720E+4	0.000000E+0	0.000000E+0
3.987465E+3	9.841900E-8	1.350720E+4	0.000000E+0	0.000000E+0
3.991468E+3	9.842500E-8	1.350750E+4	0.000000E+0	0.000000E+0
3.995467E+3	9.842200E-8	1.350780E+4	0.000000E+0	0.000000E+0
3.999467E+3	9.862900E-8	1.350800E+4	0.000000E+0	0.000000E+0
4.003467E+3	9.841600E-8	1.350790E+4	0.000000E+0	0.000000E+0
4.007466E+3	9.845300E-8	1.350790E+4	0.000000E+0	0.000000E+0
4.011466E+3	9.843500E-8	1.350760E+4	0.000000E+0	0.000000E+0
4.015466E+3	9.844800E-8	1.350730E+4	0.000000E+0	0.000000E+0
4.019465E+3	9.843200E-8	1.350680E+4	0.000000E+0	0.000000E+0
4.023473E+3	9.843200E-8	1.350640E+4	0.000000E+0	0.000000E+0
4.027461E+3	9.842900E-8	1.350650E+4	0.000000E+0	0.000000E+0
4.031469E+3	9.838700E-8	1.350640E+4	0.000000E+0	0.000000E+0
4.035463E+3	9.858200E-8	1.350620E+4	0.000000E+0	0.000000E+0
4.039472E+3	9.841300E-8	1.350600E+4	0.000000E+0	0.000000E+0
4.043468E+3	9.844200E-8	1.350590E+4	0.000000E+0	0.000000E+0
4.047466E+3	9.844400E-8	1.350590E+4	0.000000E+0	0.000000E+0
4.051462E+3	9.844700E-8	1.350630E+4	0.000000E+0	0.000000E+0
4.055478E+3	9.841800E-8	1.350660E+4	0.000000E+0	0.000000E+0
4.059472E+3	9.842700E-8	1.350700E+4	0.000000E+0	0.000000E+0
4.063470E+3	9.841500E-8	1.350720E+4	0.000000E+0	0.000000E+0
4.067467E+3	9.845000E-8	1.350730E+4	0.000000E+0	0.000000E+0
4.071470E+3	9.860200E-8	1.350750E+4	0.000000E+0	0.000000E+0
4.075467E+3	9.841300E-8	1.350750E+4	0.000000E+0	0.000000E+0
4.079469E+3	9.843700E-8	1.350750E+4	0.000000E+0	0.000000E+0
4.083462E+3	9.845900E-8	1.350730E+4	0.000000E+0	0.000000E+0
4.087470E+3	9.843600E-8	1.350710E+4	0.000000E+0	0.000000E+0
4.091466E+3	9.841200E-8	1.350670E+4	0.000000E+0	0.000000E+0
4.095466E+3	9.843500E-8	1.350670E+4	0.000000E+0	0.000000E+0
4.099465E+3	9.843500E-8	1.350670E+4	0.000000E+0	0.000000E+0
4.103469E+3	9.842400E-8	1.350670E+4	0.000000E+0	0.000000E+0
4.107466E+3	9.860100E-8	1.350660E+4	0.000000E+0	0.000000E+0
4.111465E+3	9.843900E-8	1.350600E+4	0.000000E+0	0.000000E+0
4.115466E+3	9.842600E-8	1.350540E+4	0.000000E+0	0.000000E+0
4.119469E+3	9.844000E-8	1.350510E+4	0.000000E+0	0.000000E+0
4.123471E+3	9.842700E-8	1.350480E+4	0.000000E+0	0.000000E+0
4.127471E+3	9.842900E-8	1.350480E+4	0.000000E+0	0.000000E+0
4.131469E+3	9.844000E-8	1.350480E+4	0.000000E+0	0.000000E+0
4.135466E+3	9.844200E-8	1.350480E+4	0.000000E+0	0.000000E+0
4.139469E+3	9.845700E-8	1.350450E+4	0.000000E+0	0.000000E+0
4.143466E+3	9.862000E-8	1.350470E+4	0.000000E+0	0.000000E+0
4.147465E+3	9.844800E-8	1.350450E+4	0.000000E+0	0.000000E+0
4.151469E+3	9.844900E-8	1.350450E+4	0.000000E+0	0.000000E+0
4.155465E+3	9.843700E-8	1.350430E+4	0.000000E+0	0.000000E+0
4.159468E+3	9.843300E-8	1.350420E+4	0.000000E+0	0.000000E+0
4.163468E+3	9.842800E-8	1.350390E+4	0.000000E+0	0.000000E+0
4.167468E+3	9.843600E-8	1.350350E+4	0.000000E+0	0.000000E+0
4.171465E+3	9.844800E-8	1.350330E+4	0.000000E+0	0.000000E+0
4.175467E+3	9.843900E-8	1.350310E+4	0.000000E+0	0.000000E+0
4.179466E+3	9.862900E-8	1.350280E+4	0.000000E+0	0.000000E+0
4.183465E+3	9.843500E-8	1.350240E+4	0.000000E+0	0.000000E+0
4.187465E+3	9.900300E-8	1.350220E+4	0.000000E+0	0.000000E+0
4.192037E+3	9.847600E-8	1.350130E+4	0.000000E+0	0.000000E+0
4.195482E+3	9.861200E-8	1.350020E+4	0.000000E+0	0.000000E+0
4.200053E+3	9.848400E-8	1.349920E+4	0.000000E+0	0.000000E+0
4.203531E+3	9.846500E-8	1.349880E+4	0.000000E+0	0.000000E+0
4.207464E+3	9.846800E-8	1.349870E+4	0.000000E+0	0.000000E+0
4.211467E+3	9.846300E-8	1.349900E+4	0.000000E+0	0.000000E+0
4.215467E+3	9.865000E-8	1.349910E+4	0.000000E+0	0.000000E+0
4.219467E+3	9.844400E-8	1.349910E+4	0.000000E+0	0.000000E+0
4.223462E+3	9.846300E-8	1.349870E+4	0.000000E+0	0.000000E+0
4.227464E+3	9.845100E-8	1.349820E+4	0.000000E+0	0.000000E+0
4.231461E+3	9.845000E-8	1.349830E+4	0.000000E+0	0.000000E+0
4.235467E+3	9.843900E-8	1.349840E+4	0.000000E+0	0.000000E+0
4.239491E+3	9.882700E-8	1.349840E+4	0.000000E+0	0.000000E+0
4.243503E+3	9.845200E-8	1.349810E+4	0.000000E+0	0.000000E+0
4.247447E+3	9.846700E-8	1.349800E+4	0.000000E+0	0.000000E+0
4.251462E+3	9.865100E-8	1.349830E+4	0.000000E+0	0.000000E+0
4.255465E+3	9.846600E-8	1.349830E+4	0.000000E+0	0.000000E+0
4.259468E+3	9.847900E-8	1.349790E+4	0.000000E+0	0.000000E+0
4.263463E+3	9.847100E-8	1.349750E+4	0.000000E+0	0.000000E+0
4.267471E+3	9.846400E-8	1.349720E+4	0.000000E+0	0.000000E+0
4.271447E+3	9.857300E-8	1.349720E+4	0.000000E+0	0.000000E+0
4.275480E+3	9.865100E-8	1.349720E+4	0.000000E+0	0.000000E+0
4.279466E+3	9.847700E-8	1.349680E+4	0.000000E+0	0.000000E+0
4.283466E+3	9.849000E-8	1.349620E+4	0.000000E+0	0.000000E+0
4.287466E+3	9.868100E-8	1.349530E+4	0.000000E+0	0.000000E+0
4.291468E+3	9.848100E-8	1.349460E+4	0.000000E+0	0.000000E+0
4.295468E+3	9.848300E-8	1.349460E+4	0.000000E+0	0.000000E+0
4.299467E+3	9.848800E-8	1.349480E+4	0.000000E+0	0.000000E+0
4.303462E+3	9.848300E-8	1.349500E+4	0.000000E+0	0.000000E+0
4.307472E+3	9.849000E-8	1.349490E+4	0.000000E+0	0.000000E+0
4.311461E+3	9.849000E-8	1.349510E+4	0.000000E+0	0.000000E+0
4.315464E+3	9.850700E-8	1.349500E+4	0.000000E+0	0.000000E+0
4.319462E+3	9.848100E-8	1.349480E+4	0.000000E+0	0.000000E+0
4.323473E+3	9.865000E-8	1.349440E+4	0.000000E+0	0.000000E+0
4.327464E+3	9.848900E-8	1.349390E+4	0.000000E+0	0.000000E+0
4.331462E+3	9.847700E-8	1.349370E+4	0.000000E+0	0.000000E+0
4.335465E+3	9.850300E-8	1.349330E+4	0.000000E+0	0.000000E+0
4.339472E+3	9.852500E-8	1.349280E+4	0.000000E+0	0.000000E+0
4.343465E+3	9.852700E-8	1.349280E+4	0.000000E+0	0.000000E+0
4.347465E+3	9.851800E-8	1.349280E+4	0.000000E+0	0.000000E+0
4.351468E+3	9.857600E-8	1.349250E+4	0.000000E+0	0.000000E+0
4.355469E+3	9.850300E-8	1.349220E+4	0.000000E+0	0.000000E+0
4.359469E+3	9.869600E-8	1.349200E+4	0.000000E+0	0.000000E+0
4.363466E+3	9.852000E-8	1.349220E+4	0.000000E+0	0.000000E+0
4.367466E+3	9.853600E-8	1.349210E+4	0.000000E+0	0.000000E+0
4.371469E+3	9.845100E-8	1.349150E+4	0.000000E+0	0.000000E+0
4.375464E+3	9.843900E-8	1.349050E+4	0.000000E+0	0.000000E+0
4.379471E+3	9.847800E-8	1.348970E+4	0.000000E+0	0.000000E+0
4.383467E+3	9.847800E-8	1.348890E+4	0.000000E+0	0.000000E+0
4.387466E+3	9.845100E-8	1.348850E+4	0.000000E+0	0.000000E+0
4.391462E+3	9.849200E-8	1.348800E+4	0.000000E+0	0.000000E+0
4.395464E+3	9.868900E-8	1.348770E+4	0.000000E+0	0.000000E+0
4.399469E+3	9.849100E-8	1.348760E+4	0.000000E+0	0.000000E+0
4.403471E+3	9.848500E-8	1.348750E+4	0.000000E+0	0.000000E+0
4.407469E+3	9.848100E-8	1.348700E+4	0.000000E+0	0.000000E+0
4.411465E+3	9.852300E-8	1.348670E+4	0.000000E+0	0.000000E+0
4.415467E+3	9.848300E-8	1.348600E+4	0.000000E+0	0.000000E+0
4.419470E+3	9.846200E-8	1.348560E+4	0.000000E+0	0.000000E+0
4.423467E+3	9.847400E-8	1.348580E+4	0.000000E+0	0.000000E+0
4.427467E+3	9.845300E-8	1.348620E+4	0.000000E+0	0.000000E+0
4.431465E+3	9.870500E-8	1.348630E+4	0.000000E+0	0.000000E+0
4.435468E+3	9.846600E-8	1.348620E+4	0.000000E+0	0.000000E+0
4.439466E+3	9.848200E-8	1.348590E+4	0.000000E+0	0.000000E+0
4.443468E+3	9.850600E-8	1.348530E+4	0.000000E+0	0.000000E+0
4.447466E+3	9.850300E-8	1.348460E+4	0.000000E+0	0.000000E+0
4.451465E+3	9.849800E-8	1.348390E+4	0.000000E+0	0.000000E+0
4.455463E+3	9.849500E-8	1.348320E+4	0.000000E+0	0.000000E+0
4.459464E+3	9.850600E-8	1.348250E+4	0.000000E+0	0.000000E+0
4.463463E+3	9.850000E-8	1.348210E+4	0.000000E+0	0.000000E+0
4.467466E+3	9.871000E-8	1.348170E+4	0.000000E+0	0.000000E+0
4.471463E+3	9.853000E-8	1.348140E+4	0.000000E+0	0.000000E+0
4.475465E+3	9.850700E-8	1.348090E+4	0.000000E+0	0.000000E+0
4.479469E+3	9.851300E-8	1.348080E+4	0.000000E+0	0.000000E+0
4.483467E+3	9.849600E-8	1.348050E+4	0.000000E+0	0.000000E+0
4.487467E+3	9.852500E-8	1.348010E+4	0.000000E+0	0.000000E+0
4.491467E+3	9.852700E-8	1.347960E+4	0.000000E+0	0.000000E+0
4.495471E+3	9.850200E-8	1.347940E+4	0.000000E+0	0.000000E+0
4.499464E+3	9.853300E-8	1.347940E+4	0.000000E+0	0.000000E+0
4.503464E+3	9.871100E-8	1.347970E+4	0.000000E+0	0.000000E+0
4.507472E+3	9.858400E-8	1.347990E+4	0.000000E+0	0.000000E+0
4.511464E+3	9.853000E-8	1.348010E+4	0.000000E+0	0.000000E+0
4.515463E+3	9.849300E-8	1.348030E+4	0.000000E+0	0.000000E+0
4.519462E+3	9.851500E-8	1.348040E+4	0.000000E+0	0.000000E+0
4.523468E+3	9.852800E-8	1.348040E+4	0.000000E+0	0.000000E+0
4.527465E+3	9.849800E-8	1.348050E+4	0.000000E+0	0.000000E+0
4.531465E+3	9.850600E-8	1.348060E+4	0.000000E+0	0.000000E+0
4.535468E+3	9.854400E-8	1.348010E+4	0.000000E+0	0.000000E+0
4.539469E+3	9.869600E-8	1.347950E+4	0.000000E+0	0.000000E+0
4.543464E+3	9.850800E-8	1.347880E+4	0.000000E+0	0.000000E+0
4.547468E+3	9.851100E-8	1.347800E+4	0.000000E+0	0.000000E+0
4.551464E+3	9.850400E-8	1.347790E+4	0.000000E+0	0.000000E+0
4.555466E+3	9.850300E-8	1.347830E+4	0.000000E+0	0.000000E+0
4.559464E+3	9.850700E-8	1.347850E+4	0.000000E+0	0.000000E+0
4.563469E+3	9.853600E-8	1.347830E+4	0.000000E+0	0.000000E+0
4.567462E+3	9.851000E-8	1.347780E+4	0.000000E+0	0.000000E+0
4.571466E+3	9.852600E-8	1.347740E+4	0.000000E+0	0.000000E+0
4.575462E+3	9.875600E-8	1.347710E+4	0.000000E+0	0.000000E+0
4.579464E+3	9.852400E-8	1.347760E+4	0.000000E+0	0.000000E+0
4.583462E+3	9.852500E-8	1.347730E+4	0.000000E+0	0.000000E+0
4.587468E+3	9.854400E-8	1.347690E+4	0.000000E+0	0.000000E+0
4.591462E+3	9.850800E-8	1.347700E+4	0.000000E+0	0.000000E+0
4.595463E+3	9.853500E-8	1.347720E+4	0.000000E+0	0.000000E+0
4.599463E+3	9.851000E-8	1.347740E+4	0.000000E+0	0.000000E+0
4.603466E+3	9.855900E-8	1.347740E+4	0.000000E+0	0.000000E+0
4.607463E+3	9.852100E-8	1.347710E+4	0.000000E+0	0.000000E+0
4.611463E+3	9.874300E-8	1.347670E+4	0.000000E+0	0.000000E+0
4.615463E+3	9.855400E-8	1.347600E+4	0.000000E+0	0.000000E+0
4.619462E+3	9.854100E-8	1.347570E+4	0.000000E+0	0.000000E+0
4.623464E+3	9.855700E-8	1.347580E+4	0.000000E+0	0.000000E+0
4.627463E+3	9.856500E-8	1.347590E+4	0.000000E+0	0.000000E+0
4.631461E+3	9.852200E-8	1.347590E+4	0.000000E+0	0.000000E+0
4.635464E+3	9.855000E-8	1.347570E+4	0.000000E+0	0.000000E+0
4.639461E+3	9.851400E-8	1.347550E+4	0.000000E+0	0.000000E+0
4.643466E+3	9.852600E-8	1.347530E+4	0.000000E+0	0.000000E+0
4.647462E+3	9.873500E-8	1.347540E+4	0.000000E+0	0.000000E+0
4.651466E+3	9.854000E-8	1.347550E+4	0.000000E+0	0.000000E+0
4.655465E+3	9.853000E-8	1.347530E+4	0.000000E+0	0.000000E+0
4.659465E+3	9.852100E-8	1.347500E+4	0.000000E+0	0.000000E+0
4.663464E+3	9.854400E-8	1.347450E+4	0.000000E+0	0.000000E+0
4.667467E+3	9.852400E-8	1.347380E+4	0.000000E+0	0.000000E+0
4.671464E+3	9.853600E-8	1.347320E+4	0.000000E+0	0.000000E+0
4.675468E+3	9.851300E-8	1.347260E+4	0.000000E+0	0.000000E+0
4.679462E+3	9.855100E-8	1.347220E+4	0.000000E+0	0.000000E+0
4.683462E+3	9.873000E-8	1.347140E+4	0.000000E+0	0.000000E+0
4.687463E+3	9.855100E-8	1.347090E+4	0.000000E+0	0.000000E+0
4.691466E+3	9.855800E-8	1.347050E+4	0.000000E+0	0.000000E+0
4.695463E+3	9.854200E-8	1.347000E+4	0.000000E+0	0.000000E+0
4.699463E+3	9.855600E-8	1.347000E+4	0.000000E+0	0.000000E+0
4.703458E+3	9.854900E-8	1.347020E+4	0.000000E+0	0.000000E+0
4.707468E+3	9.856700E-8	1.347060E+4	0.000000E+0	0.000000E+0
4.711464E+3	9.853700E-8	1.347040E+4	0.000000E+0	0.000000E+0
4.715464E+3	9.854100E-8	1.347010E+4	0.000000E+0	0.000000E+0
4.719467E+3	9.875900E-8	1.346990E+4	0.000000E+0	0.000000E+0
4.723469E+3	9.855000E-8	1.347000E+4	0.000000E+0	0.000000E+0
4.727461E+3	9.857400E-8	1.347030E+4	0.000000E+0	0.000000E+0
4.731469E+3	9.854900E-8	1.347060E+4	0.000000E+0	0.000000E+0
4.735462E+3	9.857700E-8	1.347050E+4	0.000000E+0	0.000000E+0
4.739470E+3	9.855500E-8	1.347050E+4	0.000000E+0	0.000000E+0
4.743465E+3	9.854400E-8	1.347050E+4	0.000000E+0	0.000000E+0
4.747465E+3	9.853300E-8	1.347030E+4	0.000000E+0	0.000000E+0
4.751462E+3	9.855900E-8	1.347090E+4	0.000000E+0	0.000000E+0
4.755461E+3	9.873700E-8	1.347120E+4	0.000000E+0	0.000000E+0
4.759463E+3	9.854600E-8	1.347150E+4	0.000000E+0	0.000000E+0
4.763467E+3	9.856100E-8	1.347170E+4	0.000000E+0	0.000000E+0
4.767463E+3	9.853900E-8	1.347170E+4	0.000000E+0	0.000000E+0
4.771468E+3	9.856100E-8	1.347130E+4	0.000000E+0	0.000000E+0
4.775462E+3	9.853600E-8	1.347130E+4	0.000000E+0	0.000000E+0
4.779468E+3	9.854400E-8	1.347120E+4	0.000000E+0	0.000000E+0
4.783466E+3	9.856500E-8	1.347090E+4	0.000000E+0	0.000000E+0
4.787467E+3	9.856000E-8	1.347020E+4	0.000000E+0	0.000000E+0
4.791468E+3	9.875400E-8	1.346970E+4	0.000000E+0	0.000000E+0
4.795469E+3	9.856100E-8	1.346960E+4	0.000000E+0	0.000000E+0
4.799466E+3	9.855800E-8	1.346910E+4	0.000000E+0	0.000000E+0
4.803465E+3	9.857900E-8	1.346870E+4	0.000000E+0	0.000000E+0
4.807464E+3	9.859800E-8	1.346830E+4	0.000000E+0	0.000000E+0
4.811464E+3	9.857000E-8	1.346780E+4	0.000000E+0	0.000000E+0
4.815461E+3	9.855600E-8	1.346750E+4	0.000000E+0	0.000000E+0
4.819469E+3	9.857100E-8	1.346740E+4	0.000000E+0	0.000000E+0
4.823461E+3	9.856800E-8	1.346760E+4	0.000000E+0	0.000000E+0
4.827467E+3	9.876300E-8	1.346750E+4	0.000000E+0	0.000000E+0
4.831465E+3	9.857700E-8	1.346760E+4	0.000000E+0	0.000000E+0
4.835465E+3	9.855700E-8	1.346770E+4	0.000000E+0	0.000000E+0
4.839465E+3	9.857700E-8	1.346770E+4	0.000000E+0	0.000000E+0
4.843470E+3	9.858200E-8	1.346720E+4	0.000000E+0	0.000000E+0
4.847463E+3	9.858400E-8	1.346670E+4	0.000000E+0	0.000000E+0
4.851469E+3	9.858100E-8	1.346690E+4	0.000000E+0	0.000000E+0
4.855465E+3	9.856300E-8	1.346700E+4	0.000000E+0	0.000000E+0
4.859466E+3	9.856500E-8	1.346690E+4	0.000000E+0	0.000000E+0
4.863462E+3	9.878100E-8	1.346650E+4	0.000000E+0	0.000000E+0
4.867469E+3	9.857900E-8	1.346590E+4	0.000000E+0	0.000000E+0
4.871468E+3	9.860800E-8	1.346520E+4	0.000000E+0	0.000000E+0
4.875466E+3	9.859700E-8	1.346440E+4	0.000000E+0	0.000000E+0
4.879463E+3	9.862000E-8	1.346390E+4	0.000000E+0	0.000000E+0
4.883468E+3	9.859200E-8	1.346330E+4	0.000000E+0	0.000000E+0
4.887463E+3	9.860700E-8	1.346290E+4	0.000000E+0	0.000000E+0
4.891469E+3	9.860600E-8	1.346280E+4	0.000000E+0	0.000000E+0
4.895464E+3	9.861100E-8	1.346280E+4	0.000000E+0	0.000000E+0
4.899467E+3	9.878000E-8	1.346240E+4	0.000000E+0	0.000000E+0
4.903462E+3	9.862200E-8	1.346200E+4	0.000000E+0	0.000000E+0
4.907465E+3	9.858300E-8	1.346160E+4	0.000000E+0	0.000000E+0
4.911464E+3	9.862400E-8	1.346120E+4	0.000000E+0	0.000000E+0
4.915463E+3	9.863700E-8	1.346100E+4	0.000000E+0	0.000000E+0
4.919465E+3	9.862300E-8	1.346080E+4	0.000000E+0	0.000000E+0
4.923472E+3	9.861400E-8	1.346110E+4	0.000000E+0	0.000000E+0
4.927467E+3	9.863000E-8	1.346140E+4	0.000000E+0	0.000000E+0
4.931468E+3	9.861600E-8	1.346160E+4	0.000000E+0	0.000000E+0
4.935467E+3	9.882900E-8	1.346150E+4	0.000000E+0	0.000000E+0
4.939468E+3	9.862600E-8	1.346100E+4	0.000000E+0	0.000000E+0
4.943465E+3	9.863600E-8	1.346060E+4	0.000000E+0	0.000000E+0
4.947473E+3	9.862100E-8	1.346010E+4	0.000000E+0	0.000000E+0
4.951466E+3	9.861800E-8	1.345990E+4	0.000000E+0	0.000000E+0
4.955466E+3	9.863200E-8	1.345950E+4	0.000000E+0	0.000000E+0
4.959461E+3	9.863300E-8	1.345840E+4	0.000000E+0	0.000000E+0
4.963469E+3	9.861900E-8	1.345760E+4	0.000000E+0	0.000000E+0
4.967466E+3	9.863500E-8	1.345700E+4	0.000000E+0	0.000000E+0
4.971472E+3	9.882900E-8	1.345680E+4	0.000000E+0	0.000000E+0
4.975461E+3	9.867400E-8	1.345620E+4	0.000000E+0	0.000000E+0
4.979469E+3	9.868600E-8	1.345600E+4	0.000000E+0	0.000000E+0
4.983466E+3	9.870500E-8	1.345590E+4	0.000000E+0	0.000000E+0
4.987464E+3	9.872400E-8	1.345570E+4	0.000000E+0	0.000000E+0
4.991467E+3	9.868200E-8	1.345560E+4	0.000000E+0	0.000000E+0
4.995469E+3	9.870300E-8	1.345580E+4	0.000000E+0	0.000000E+0
4.999465E+3	9.871400E-8	1.345580E+4	0.000000E+0	0.000000E+0
5.003465E+3	9.870400E-8	1.345600E+4	0.000000E+0	0.000000E+0
